1	93
1	101
1	104
1	106
1	128
1	146
2	7
2	11
2	14
2	113
2	145
2	149
3	76
3	118
3	122
3	124
3	127
3	128
4	8
4	22
4	38
4	64
4	109
4	134
5	32
5	37
5	43
5	45
5	119
5	125
6	57
6	83
6	93
6	102
6	104
6	138
7	2
7	11
7	14
7	52
7	113
7	145
8	4
8	29
8	78
8	123
8	132
8	144
9	42
9	51
9	84
9	125
9	146
9	149
10	15
10	64
10	78
10	141
10	145
10	150
11	2
11	7
11	14
11	31
11	145
12	33
12	79
12	89
12	95
12	109
12	147
13	26
13	72
13	79
13	95
13	107
13	143
14	2
14	7
14	11
14	113
14	145
14	147
15	10
15	29
15	64
15	78
15	88
15	150
16	39
16	80
16	121
16	130
16	134
16	144
17	27
17	31
17	46
17	67
17	69
17	139
18	83
18	90
18	93
18	104
18	138
18	143
19	43
19	86
19	94
19	98
19	150
20	71
20	88
20	103
20	114
20	142
20	148
21	86
21	94
21	98
21	147
21	148
21	150
22	4
22	35
22	38
22	131
22	132
22	133
23	51
23	63
23	80
23	114
23	124
23	128
24	47
24	76
24	122
24	124
24	127
24	128
25	91
25	116
25	123
25	126
25	129
25	133
26	13
26	33
26	71
26	72
26	89
26	95
26	147
27	17
27	31
27	46
27	67
27	69
27	74
27	111
28	30
28	40
28	44
28	52
28	60
28	73
28	131
29	8
29	15
29	64
29	78
29	92
29	145
29	150
30	28
30	44
30	52
30	60
30	73
30	128
30	132
31	11
31	17
31	27
31	46
31	67
31	69
31	111
32	5
32	37
32	43
32	45
32	117
32	125
32	138
33	12
33	26
33	72
33	79
33	89
33	95
33	112
34	48
34	51
34	63
34	66
34	136
34	139
34	141
35	22
35	38
35	110
35	131
35	132
35	136
35	140
36	70
36	123
36	131
36	136
36	139
36	143
36	148
37	5
37	32
37	43
37	45
37	117
37	125
37	140
38	4
38	22
38	35
38	131
38	132
38	136
38	146
39	16
39	61
39	91
39	92
39	108
39	119
39	120
40	28
40	70
40	112
40	136
40	139
40	143
40	148
41	55
41	81
41	90
41	107
41	111
41	135
41	146
42	9
42	58
42	84
42	95
42	135
42	146
42	149
43	5
43	19
43	32
43	37
43	45
43	87
43	117
44	28
44	30
44	52
44	60
44	73
44	85
44	131
45	5
45	32
45	37
45	43
45	67
45	117
45	125
46	17
46	27
46	31
46	67
46	69
46	109
46	148
47	24
47	66
47	71
47	88
47	103
47	114
47	138
48	34
48	51
48	63
48	68
48	136
48	139
48	141
49	54
49	82
49	97
49	111
49	137
49	140
49	142
49	144
50	58
50	84
50	85
50	93
50	104
50	119
50	120
50	131
51	9
51	23
51	34
51	48
51	63
51	136
51	139
51	141
52	7
52	28
52	30
52	44
52	60
52	73
52	131
52	132
53	102
53	105
53	118
53	119
53	120
53	124
53	127
53	128
54	49
54	82
54	97
54	113
54	137
54	141
54	142
54	148
55	41
55	68
55	74
55	81
55	90
55	107
55	127
55	137
56	99
56	101
56	102
56	105
56	118
56	131
56	144
56	145
57	6
57	83
57	85
57	93
57	104
57	116
57	138
57	143
58	42
58	50
58	78
58	84
58	125
58	135
58	146
58	149
59	65
59	96
59	101
59	106
59	137
59	138
59	140
59	142
60	28
60	30
60	44
60	52
60	73
60	121
60	132
60	133
61	39
61	91
61	92
61	108
61	119
61	120
61	143
62	70
62	86
62	98
62	123
62	124
62	128
62	129
62	133
63	23
63	34
63	48
63	51
63	121
63	136
63	139
63	141
64	4
64	10
64	15
64	29
64	78
64	125
64	144
64	145
65	59
65	96
65	101
65	106
65	111
65	130
65	137
65	140
66	34
66	47
66	71
66	88
66	103
66	114
66	138
66	142
67	17
67	27
67	31
67	45
67	46
67	69
67	111
67	149
68	48
68	55
68	74
68	81
68	90
68	107
68	135
68	146
69	17
69	27
69	31
69	46
69	67
69	110
69	111
69	122
70	36
70	40
70	62
70	82
70	136
70	139
70	143
70	148
71	20
71	26
71	47
71	66
71	88
71	103
71	114
71	150
72	13
72	26
72	33
72	79
72	95
72	126
72	143
72	147
73	28
73	30
73	44
73	52
73	60
73	118
73	131
73	132
74	27
74	55
74	68
74	81
74	87
74	90
74	107
74	135
74	140
75	77
75	80
75	109
75	112
75	121
75	130
75	134
75	142
75	144
76	3
76	24
76	83
76	122
76	124
76	127
76	128
76	141
77	75
77	80
77	109
77	112
77	113
77	121
77	130
77	134
77	149
78	8
78	10
78	15
78	29
78	58
78	64
78	132
78	133
78	150
79	12
79	13
79	33
79	72
79	89
79	95
79	100
79	140
79	149
80	16
80	23
80	75
80	77
80	109
80	112
80	121
80	130
80	134
81	41
81	55
81	68
81	74
81	90
81	107
81	135
81	145
81	146
82	49
82	54
82	70
82	97
82	113
82	135
82	137
82	140
82	142
83	6
83	18
83	57
83	76
83	85
83	93
83	104
83	135
83	143
84	9
84	42
84	50
84	58
84	134
84	135
84	146
84	148
84	149
85	44
85	50
85	57
85	83
85	93
85	104
85	134
85	138
85	143
86	19
86	21
86	62
86	94
86	98
86	128
86	147
86	148
86	150
87	43
87	74
87	96
87	101
87	106
87	107
87	112
87	130
87	134
88	15
88	20
88	47
88	66
88	71
88	103
88	114
88	138
88	150
89	12
89	26
89	33
89	79
89	94
89	95
89	143
89	147
89	149
90	18
90	41
90	55
90	68
90	74
90	81
90	107
90	140
90	146
90	147
91	25
91	39
91	61
91	92
91	108
91	119
91	120
91	145
91	146
92	29
92	39
92	61
92	91
92	108
92	119
92	120
92	145
92	146
93	1
93	6
93	18
93	50
93	57
93	83
93	85
93	98
93	104
93	143
94	19
94	21
94	86
94	89
94	98
94	114
94	147
94	148
94	150
95	12
95	13
95	26
95	33
95	42
95	72
95	79
95	89
95	143
95	149
96	59
96	65
96	87
96	101
96	106
96	108
96	111
96	137
96	140
96	142
97	49
97	54
97	82
97	104
97	107
97	111
97	113
97	135
97	140
97	142
98	19
98	21
98	62
98	86
98	93
98	94
98	132
98	147
98	148
98	150
99	56
99	102
99	105
99	117
99	118
99	138
99	141
99	144
99	147
99	150
100	79
100	115
100	116
100	123
100	126
100	129
100	133
101	1
101	56
101	59
101	65
101	87
101	96
101	106
101	136
101	137
101	140
101	142
102	6
102	53
102	56
102	99
102	105
102	118
102	131
102	138
102	141
102	144
102	147
103	20
103	47
103	66
103	71
103	88
103	114
103	138
103	142
103	144
103	145
103	150
104	1
104	6
104	18
104	50
104	57
104	83
104	85
104	93
104	97
104	108
104	138
105	53
105	56
105	99
105	102
105	116
105	117
105	118
105	131
105	138
105	141
105	144
105	147
106	1
106	59
106	65
106	87
106	96
106	101
106	111
106	130
106	137
106	140
106	142
106	147
107	13
107	41
107	55
107	68
107	74
107	81
107	87
107	90
107	97
107	135
107	140
107	146
108	39
108	61
108	91
108	92
108	96
108	104
108	110
108	119
108	120
108	145
108	146
109	4
109	12
109	46
109	75
109	77
109	80
109	112
109	121
109	130
109	134
109	139
109	149
110	35
110	69
110	108
110	115
110	119
110	120
110	122
110	124
110	127
110	128
110	131
110	136
111	27
111	31
111	41
111	49
111	65
111	67
111	69
111	96
111	97
111	106
111	135
111	142
112	33
112	40
112	75
112	77
112	80
112	87
112	109
112	121
112	130
112	134
112	139
112	149
113	2
113	7
113	14
113	54
113	77
113	82
113	97
113	123
113	126
113	129
113	133
113	145
114	20
114	23
114	47
114	66
114	71
114	88
114	94
114	103
114	125
114	138
114	142
114	150
115	100
115	110
115	116
115	123
115	126
115	129
115	133
115	150
116	25
116	57
116	100
116	105
116	115
116	123
116	126
116	129
116	133
116	137
117	32
117	37
117	43
117	45
117	99
117	105
117	118
117	123
117	126
117	129
117	133
117	136
117	143
118	3
118	53
118	56
118	73
118	99
118	102
118	105
118	117
118	131
118	138
118	141
118	144
118	147
119	5
119	39
119	50
119	53
119	61
119	91
119	92
119	108
119	110
119	120
119	141
119	145
119	146
120	39
120	50
120	53
120	61
120	91
120	92
120	108
120	110
120	119
120	127
120	137
120	145
120	146
121	16
121	60
121	63
121	75
121	77
121	80
121	109
121	112
121	130
121	134
121	139
121	144
121	149
122	3
122	24
122	69
122	76
122	110
122	124
122	126
122	127
122	128
122	141
123	8
123	25
123	36
123	62
123	100
123	113
123	115
123	116
123	117
123	125
123	126
123	129
123	133
123	137
124	3
124	23
124	24
124	53
124	62
124	76
124	110
124	122
124	127
124	128
124	141
124	143
124	149
125	5
125	9
125	32
125	37
125	45
125	58
125	64
125	114
125	123
125	126
125	129
125	133
125	135
125	149
126	25
126	72
126	100
126	113
126	115
126	116
126	117
126	122
126	123
126	125
126	129
126	133
126	137
127	3
127	24
127	53
127	55
127	76
127	110
127	120
127	122
127	124
127	128
127	141
128	1
128	3
128	23
128	24
128	30
128	53
128	62
128	76
128	86
128	110
128	122
128	124
128	127
128	141
129	25
129	62
129	100
129	113
129	115
129	116
129	117
129	123
129	125
129	126
129	133
129	137
129	140
129	142
130	16
130	65
130	75
130	77
130	80
130	87
130	106
130	109
130	112
130	121
130	134
130	139
130	144
130	149
131	22
131	28
131	35
131	36
131	38
131	44
131	50
131	52
131	56
131	73
131	102
131	105
131	110
131	118
131	132
132	8
132	22
132	30
132	35
132	38
132	52
132	60
132	73
132	78
132	98
132	131
132	136
132	144
132	145
132	146
133	22
133	25
133	60
133	62
133	78
133	100
133	113
133	115
133	116
133	117
133	123
133	125
133	126
133	129
133	137
134	4
134	16
134	75
134	77
134	80
134	84
134	85
134	87
134	109
134	112
134	121
134	130
134	139
134	144
134	149
135	41
135	42
135	58
135	68
135	74
135	81
135	82
135	83
135	84
135	97
135	107
135	111
135	125
135	148
135	150
136	34
136	35
136	36
136	38
136	40
136	48
136	51
136	63
136	70
136	101
136	110
136	117
136	132
136	139
136	144
136	148
137	49
137	54
137	55
137	59
137	65
137	82
137	96
137	101
137	106
137	116
137	120
137	123
137	126
137	129
137	133
137	148
138	6
138	18
138	32
138	47
138	57
138	59
138	66
138	85
138	88
138	99
138	102
138	103
138	104
138	105
138	114
138	118
139	17
139	34
139	36
139	40
139	48
139	51
139	63
139	70
139	109
139	112
139	121
139	130
139	134
139	136
139	141
139	142
139	143
139	148
140	35
140	37
140	49
140	59
140	65
140	74
140	79
140	82
140	90
140	96
140	97
140	101
140	106
140	107
140	129
140	142
140	146
140	148
141	10
141	34
141	48
141	51
141	54
141	63
141	76
141	99
141	102
141	105
141	118
141	119
141	122
141	124
141	127
141	128
141	139
141	147
142	20
142	49
142	54
142	59
142	66
142	75
142	82
142	96
142	97
142	101
142	103
142	106
142	111
142	114
142	129
142	139
142	140
142	150
143	13
143	18
143	36
143	40
143	57
143	61
143	70
143	72
143	83
143	85
143	89
143	93
143	95
143	117
143	124
143	139
143	148
143	149
144	8
144	16
144	49
144	56
144	64
144	75
144	99
144	102
144	103
144	105
144	118
144	121
144	130
144	132
144	134
144	136
144	148
144	150
145	2
145	7
145	10
145	11
145	14
145	29
145	56
145	64
145	81
145	91
145	92
145	103
145	108
145	113
145	119
145	120
145	132
145	150
146	1
146	9
146	38
146	41
146	42
146	58
146	68
146	81
146	84
146	90
146	91
146	92
146	107
146	108
146	119
146	120
146	132
146	140
146	149
147	12
147	14
147	21
147	26
147	72
147	86
147	89
147	90
147	94
147	98
147	99
147	102
147	105
147	106
147	118
147	141
147	148
147	149
147	150
148	20
148	21
148	36
148	40
148	46
148	54
148	70
148	84
148	86
148	94
148	98
148	135
148	136
148	137
148	139
148	140
148	143
148	144
148	147
149	2
149	9
149	42
149	58
149	67
149	77
149	79
149	84
149	89
149	95
149	109
149	112
149	121
149	124
149	125
149	130
149	134
149	143
149	146
149	147
150	10
150	15
150	19
150	21
150	29
150	71
150	78
150	86
150	88
150	94
150	98
150	99
150	103
150	114
150	115
150	135
150	142
150	144
150	145
150	147
