1	44	60
2	31	100
3	52	89	92	81	7	86
4	92	56
5	94	98	37	66
6	85	98
7	31	98
8	49	80	33
9	94	36
10	60	34
11	44	98
12	80	40	36
13	57	80	33	36
14	38	78
15	8	35
16	26	24	49	16
17	92	9	53
18	78	39
19	44	5
20	54	100	14	8	5
21	95	93
22	90	6
23	44	11
24	100	39
25	54	78	8	96
26	9	53
27	29	12	69	6	47	18	58
28	87	76
29	90	93	75	82	84
30	59	68
31	45	43
32	63	28	75	82	93	97	32	84
33	76	56	94	48	37	2	66	68
34	57	72
35	13	4	19	97
36	98	53
37	32	63	28	75	93	84	96
38	43	15
39	15	53
40	15	76
41	56	30
42	35	78
43	84	79
44	99	85	91	87	73
45	91	45	99	43	67
46	44	61
47	90	100	83	88	21	71
48	31	96
49	73	23	99
50	35	100
51	98	43
52	92	98
53	95	10	51	7	52	50	89	81	86
54	94	85	48	76	68
55	89	81	40	51
56	66	99
57	69	70
58	42	98
59	42	80	33
60	92	45
61	79	73	99	77	59	67	91	87	1
62	64	25	27	62	55	65
63	38	97	4
64	82	89
65	81	96
66	22	34	11
67	88	23
68	57	80	74	33
69	94	9	53	66	68
70	72	78
71	69	74	29	58
72	97	73
73	92	76
74	60	83
75	54	78	14	5
76	31	22
77	56	15
78	96	39
79	91	26
80	74	39
81	35	72
82	100	71	41	83	88	46	21	61
83	54	8
84	100	72	41	88
85	14	62
86	91	99	77	60
87	23	95
88	64	70	55	65
89	72	39
90	80	57	70	36
91	42	34
92	19	61
93	38	64	65
94	71	86
95	30	63	82	93	97
96	77	16
97	98	22	34	11
98	58	63
99	98	18
100	42	24
101	95	3	20	17
102	31	35
103	100	96
104	3	20	17
