1	67,9
2	3,71	56,75	55,75	56,6	55,91	56,91	75,77	15,56	3,75	33,75	3,33	75,91	15,77	55,56	71,77	15,33	55,71	71,75	15,91	71,91	3,56	33,55	6,71	55,77	33,71
3	7,76
4	85,9
5	14,59
6	21,70	21,61	21,52	38,70	38,61	38,52	16,70	16,61	52,70	16,52	52,61	17,70	17,38	17,61	17,52	38,50	50,70	61,70	16,50
7	42,78
8	84,86
9	53,72
10	44,83	18,98	41,78	9,94	65,78	43,65	65,7	100,20	44,66	80,90	51,86	100,83	81,98	51,96	48,80	88,94	76,80	1,5	44,58	48,96	22,43	100,66	81,84	76,86	63,86	76,96	18,90	100,98	78,81	49,78	77,90	78,98	41,88	23,80	20,83	100,58	65,88	66,83	41,94	86,90	65,94	41,81	100,24	65,81	63,90	94,98	1,74	25,88	22,88	45,96	48,86	58,83	88,98	43,9	20,58	13,96	25,94	5,98	25,81	1,100	58,66	58,98	83,88	43,88	96,98	100,74	48,90	51,63	100,5	43,94	76,90	41,98	7,94	83,98	45,86	13,80	80,96	11,5	13,86	100,44	84,88	1,66	50,76	76,77	20,74	100,11	23,90	100,18	81,88	77,80	19,83	84,94	18,96	50,96	77,96	81,94	84,98	25,84	48,76	49,98	19,98	13,90	78,88	63,80	86,96	90,96	80,86	78,94	63,96	11,83	7,98
11	12,54
12	35,4
13	82,94
14	34,57
15	64,66
16	100,12
17	69,91
18	59,60
19	22,90
20	59,95
21	100,87
22	11,63
23	53,65
24	54,89
25	24,89	59,99	4,93	36,99	42,68	34,46	27,89	34,99	84,93	36,89	34,89	2,93	42,46	84,99	68,93	42,99	44,99	2,99	2,85	84,89	68,99	34,59	68,85	93,99	46,99	2,89	89,93	93,97	68,89	24,93	46,89	85,93	89,99	27,93	27,4	36,68	59,93	24,99	85,99	46,84	36,93	4,68	27,99	36,42
26	22,92
27	23,67	12,91	12,67	39,91	39,67	23,39	28,39	28,53	67,91	28,91	28,67	39,53	53,91	53,67
28	45,92	54,92	72,92	40,92	29,92	69,8	51,72	14,92	72,74	29,40	54,69	54,60	29,60	14,74	29,69	40,60	74,8	60,92	69,92	40,72	14,72	74,92	60,69	51,92	8,92	40,8	69,72
29	54,66
30	73,97	37,73	10,95	32,95	30,85	32,73	30,97	37,64	6,95	87,97	32,64	85,95	64,85	95,97	37,87	73,95	64,97	10,87	30,95	30,73	87,95	49,97	19,97	45,85	45,97	64,95	10,85	37,97	32,97	10,97	49,95	6,97	19,95	49,73	64,87	73,81	37,95
31	62,82	31,62	47,79	26,82	57,87	35,82	26,57	31,79	47,82	82,87	26,62	79,82	47,57	31,82	57,79	35,62	35,47	62,79	79,87	47,62	26,79	31,87	57,82	35,79
