1.0 0.0
0.7777777777777778 0.0
0.75 0.0
0.7142857142857143 0.014619883040935672
0.7 0.014619883040935672
0.6923076923076923 0.019005847953216373
0.6842105263157895 0.023391812865497075
0.6818181818181818 0.027777777777777776
0.6666666666666666 0.03070175438596491
0.6470588235294118 0.048343079922027285
0.6428571428571429 0.053801169590643266
0.6363636363636364 0.05916179337231968
0.631578947368421 0.0685185185185185
0.625 0.0685185185185185
0.6190476190476191 0.09727095516569198
0.6153846153846154 0.09727095516569198
0.6111111111111112 0.1079922027290448
0.6 0.11237816764132551
0.5882352941176471 0.1505708716235032
0.5833333333333334 0.1505708716235032
0.5789473684210527 0.1549568365357839
0.5714285714285714 0.1549568365357839
0.5555555555555556 0.17172096908939016
0.55 0.1868281815650237
0.5454545454545454 0.20165692007797276
0.5384615384615384 0.22090643274853805
0.5333333333333333 0.23879838485101648
0.5294117647058824 0.23879838485101648
0.5263157894736842 0.23879838485101648
0.5238095238095238 0.24932470064049017
0.5 0.24932470064049017
0.4782608695652174 0.31509328877749937
0.4736842105263157 0.31509328877749937
0.47058823529411764 0.31509328877749937
0.4666666666666667 0.31509328877749937
0.46153846153846156 0.32470064049011427
0.4545454545454546 0.3369813422445002
0.44999999999999996 0.35136684303350985
0.4444444444444444 0.35136684303350985
0.4375 0.3522022649215633
0.4285714285714286 0.3522022649215633
0.42105263157894735 0.3522022649215633
0.41666666666666674 0.3522022649215633
0.4117647058823529 0.35317692379095905
0.4 0.35317692379095905
0.38888888888888884 0.35317692379095905
0.3846153846153846 0.35317692379095905
0.38095238095238093 0.3553699062470994
0.375 0.3553699062470994
0.368421052631579 0.3553699062470994
0.36363636363636365 0.3553699062470994
0.3571428571428572 0.35926854172468226
0.3529411764705883 0.35926854172468226
0.35 0.35926854172468226
0.33333333333333326 0.3672445001392372
0.3157894736842105 0.39268309663046524
0.3125 0.40788777499303835
0.3076923076923077 0.4137357282094126
0.30434782608695654 0.41047990346235985
0.30000000000000004 0.4126241529750304
0.2962962962962963 0.4126241529750304
0.2941176470588236 0.3831034558072744
0.2857142857142857 0.3831034558072744
0.28 0.39015130418639205
0.2777777777777778 0.38993865134216027
0.2727272727272727 0.3799625325941117
0.26923076923076916 0.32587688486234206
0.2666666666666666 0.32587688486234206
0.26315789473684204 0.3254844564228222
0.26086956521739135 0.2951725905673276
0.2592592592592593 0.2951725905673276
0.25 0.2958765470568878
0.24137931034482762 0.27767696135655523
0.24 0.26470364269443175
0.23809523809523814 0.2186861042075966
0.23529411764705888 0.2236696278314711
0.2333333333333334 0.19070566540190387
0.23076923076923084 0.16712678752645257
0.2272727272727273 0.14980144375830773
0.22580645161290325 0.14980144375830773
0.2222222222222222 0.14999989234254035
0.21739130434782605 0.1342500754571994
0.2142857142857143 0.11252016013714126
0.21052631578947367 0.10754766819008318
0.20833333333333337 0.10990056841450044
0.2068965517241379 0.08133223762048745
0.19999999999999996 0.08133223762048745
0.19354838709677424 0.08221518440306703
0.1923076923076923 0.08221518440306703
0.19047619047619047 0.08236356270322012
0.1875 0.08236356270322012
0.18518518518518512 0.08497893171959076
0.18181818181818188 0.08497893171959076
0.1785714285714286 0.08497893171959076
0.17647058823529416 0.08497893171959076
0.17391304347826086 0.08724047796466451
0.1724137931034483 0.08088358552399164
0.16666666666666663 0.08088358552399164
0.16129032258064513 0.08130054450081749
0.16000000000000003 0.08130054450081749
0.1578947368421053 0.08130054450081749
0.15384615384615385 0.08074523176230716
0.15000000000000002 0.07528567534988038
0.14814814814814814 0.07574023161333644
0.1428571428571428 0.07574023161333644
0.13793103448275867 0.07805416993636223
0.13636363636363635 0.07805416993636223
0.1333333333333333 0.07805416993636223
0.13043478260869568 0.0757291039784497
0.12903225806451613 0.07605073835668319
0.125 0.07605073835668319
0.12 0.07800615342965914
0.11764705882352944 0.07800615342965914
0.11538461538461542 0.07883386654520788
0.11111111111111116 0.0790003237684453
0.1071428571428571 0.0790003237684453
0.10526315789473684 0.0790003237684453
0.10344827586206895 0.07950152463841294
0.09999999999999998 0.07950152463841294
0.09677419354838712 0.07379970710148683
0.09523809523809523 0.07379970710148683
0.09375 0.04962124351186588
0.09090909090909094 0.04962124351186588
0.08695652173913038 0.044563726566552504
0.08571428571428574 0.04471886227449641
0.08333333333333337 0.04471886227449641
0.07999999999999996 0.045498518652881154
0.07692307692307687 0.04565524549629115
0.07407407407407407 0.046127017161987215
0.0714285714285714 0.04628480476237461
0.06896551724137934 0.047396743263928086
0.06666666666666665 0.047396743263928086
0.06451612903225801 0.04819894072808246
0.0625 0.04819894072808246
0.06060606060606055 0.04836017578864638
0.05882352941176472 0.04836017578864638
0.05555555555555558 0.04852167603845465
0.05263157894736836 0.04852167603845465
0.050000000000000044 0.04852167603845465
0.04761904761904767 0.04852167603845465
0.045454545454545414 0.04852167603845465
0.04347826086956519 0.04852167603845465
0.04166666666666663 0.04852167603845465
0.040000000000000036 0.04852167603845465
0.038461538461538436 0.04852167603845465
0.03703703703703698 0.04852167603845465
0.0357142857142857 0.04852167603845465
0.03448275862068961 0.04852167603845465
0.033333333333333326 0.04852167603845465
0.032258064516129004 0.04852167603845465
0.03125 0.04852167603845465
0.030303030303030276 0.04852167603845465
0.02941176470588236 0.04852167603845465
0.02857142857142858 0.04852167603845465
0.02777777777777779 0.04852167603845465
0.027027027027026973 0.04852167603845465
0.0 0.04852167603845465
