#module 0 size: 7 bs: 0.0220466
40 46 47 63 64 66 74 
#module 1 size: 8 bs: 0.107774
1 3 17 35 37 54 65 93 
#module 2 size: 12 bs: 0.0450433
2 7 16 18 38 49 50 59 69 85 87 96 
#module 3 size: 14 bs: 0.208737
4 9 13 15 34 60 67 72 86 89 90 92 94 95 
#module 4 size: 9 bs: 0.0224639
3 5 8 27 29 32 45 52 57 
#module 5 size: 8 bs: 0.0887853
14 33 41 42 55 56 73 96 
#module 6 size: 11 bs: 0.0280144
12 39 51 77 81 82 83 84 88 97 99 
#module 7 size: 9 bs: 0.201385
13 22 31 32 48 58 60 71 83 
#module 8 size: 15 bs: 0.352612
21 23 25 30 42 53 57 62 68 75 76 78 86 98 100 
#module 9 size: 11 bs: 0.138089
10 11 24 26 43 44 50 61 68 91 93 
#module 10 size: 8 bs: 0.900169
6 19 20 28 36 70 79 80 
