1	25
1	30
1	38
1	103
1	127
1	143
2	16
2	32
2	59
2	76
2	88
2	100
3	107
3	112
3	114
3	115
3	126
4	64
4	85
4	96
4	101
4	106
4	140
5	7
5	27
5	28
5	41
5	46
5	138
6	14
6	32
6	59
6	100
6	117
6	127
7	5
7	27
7	28
7	36
7	41
7	46
8	22
8	23
8	61
8	67
8	70
8	142
9	78
9	105
9	122
9	125
9	129
9	134
10	19
10	48
10	49
10	71
10	90
10	148
11	42
11	95
11	97
11	98
11	102
11	128
12	62
12	70
12	103
12	119
12	120
12	134
13	82
13	88
13	99
13	117
13	123
13	144
14	6
14	73
14	89
14	100
14	127
14	132
15	73
15	104
15	110
15	127
15	131
15	140
16	2
16	32
16	76
16	100
16	127
16	132
17	69
17	72
17	80
17	95
17	98
17	139
18	40
18	52
18	58
18	81
18	111
18	126
19	10
19	36
19	44
19	54
19	140
19	143
20	33
20	109
20	116
20	128
20	136
20	141
21	36
21	44
21	48
21	54
21	140
21	143
22	8
22	24
22	34
22	67
22	70
22	142
23	8
23	34
23	61
23	67
23	70
23	80
24	22
24	26
24	83
24	84
24	142
24	144
25	1
25	30
25	38
25	89
25	127
25	143
26	24
26	83
26	84
26	132
26	142
26	146
27	5
27	7
27	28
27	41
27	46
27	145
28	5
28	7
28	27
28	37
28	41
28	46
29	79
29	103
29	119
29	120
29	134
29	138
30	1
30	25
30	38
30	94
30	127
30	130
31	54
31	71
31	90
31	94
31	147
31	148
32	2
32	6
32	16
32	59
32	89
32	148
33	20
33	68
33	74
33	86
33	133
33	134
34	22
34	23
34	67
34	70
34	99
34	142
35	72
35	74
35	84
35	86
35	115
35	146
36	7
36	19
36	21
36	44
36	54
36	143
37	28
37	41
37	85
37	106
37	119
37	120
37	131
38	1
38	25
38	30
38	94
38	112
38	127
38	143
39	43
39	68
39	69
39	81
39	113
39	126
39	140
40	18
40	52
40	58
40	70
40	111
40	126
41	5
41	7
41	27
41	28
41	37
41	46
41	144
42	11
42	63
42	69
42	72
42	97
42	98
42	135
43	39
43	68
43	93
43	113
43	131
43	135
43	149
44	19
44	21
44	36
44	54
44	91
44	140
44	143
45	93
45	97
45	98
45	113
45	123
45	130
45	133
46	5
46	7
46	27
46	28
46	41
46	76
46	121
47	83
47	104
47	109
47	116
47	128
47	136
47	141
48	10
48	21
48	49
48	71
48	90
48	147
48	148
49	10
49	48
49	64
49	71
49	90
49	94
49	147
50	78
50	105
50	110
50	122
50	129
50	137
50	150
51	63
51	66
51	75
51	121
51	142
51	146
51	150
52	18
52	40
52	58
52	81
52	111
52	126
52	129
53	55
53	73
53	81
53	106
53	110
53	131
53	140
54	19
54	21
54	31
54	36
54	44
54	140
54	143
55	53
55	73
55	77
55	81
55	92
55	102
55	110
56	60
56	85
56	87
56	96
56	101
56	106
56	114
57	61
57	74
57	86
57	126
57	133
57	134
57	137
58	18
58	40
58	52
58	81
58	111
58	126
58	147
59	2
59	6
59	32
59	89
59	121
59	137
59	150
60	56
60	64
60	85
60	96
60	101
60	106
60	147
61	8
61	23
61	57
61	86
61	103
61	122
61	129
62	12
62	103
62	119
62	120
62	122
62	137
62	138
62	150
63	42
63	51
63	66
63	75
63	121
63	138
63	146
63	150
64	4
64	49
64	60
64	87
64	96
64	101
64	106
64	146
65	104
65	116
65	120
65	128
65	136
65	141
65	142
65	147
66	51
66	63
66	75
66	94
66	121
66	136
66	146
66	150
67	8
67	22
67	23
67	34
67	70
67	79
67	142
67	144
68	33
68	39
68	43
68	93
68	113
68	126
68	131
68	149
69	17
69	39
69	42
69	72
69	95
69	97
69	98
69	143
70	8
70	12
70	22
70	23
70	34
70	40
70	67
70	142
71	10
71	31
71	48
71	49
71	90
71	94
71	101
71	148
72	17
72	35
72	42
72	69
72	95
72	97
72	98
72	135
73	14
73	15
73	53
73	55
73	92
73	102
73	110
73	131
74	33
74	35
74	57
74	86
74	100
74	133
74	134
74	137
75	51
75	63
75	66
75	96
75	132
75	138
75	146
75	150
76	2
76	16
76	46
76	89
76	100
76	121
76	132
76	137
77	55
77	91
77	108
77	118
77	123
77	124
77	125
77	130
78	9
78	50
78	92
78	122
78	129
78	134
78	140
78	149
78	150
79	29
79	67
79	91
79	108
79	118
79	123
79	124
79	125
79	130
80	17
80	23
80	82
80	88
80	99
80	117
80	121
80	138
80	145
81	18
81	39
81	52
81	53
81	55
81	58
81	93
81	110
81	113
82	13
82	80
82	88
82	99
82	117
82	121
82	139
82	144
82	145
83	24
83	26
83	47
83	84
83	111
83	132
83	142
83	145
83	146
84	24
84	26
84	35
84	83
84	129
84	132
84	144
84	145
84	146
85	4
85	37
85	56
85	60
85	87
85	96
85	101
85	106
85	141
86	33
86	35
86	57
86	61
86	74
86	105
86	133
86	134
86	137
87	56
87	64
87	85
87	96
87	101
87	106
87	118
87	131
87	146
88	2
88	13
88	80
88	82
88	117
88	132
88	139
88	143
88	145
89	14
89	25
89	32
89	59
89	76
89	100
89	121
89	127
89	137
90	10
90	31
90	48
90	49
90	71
90	94
90	118
90	120
90	147
90	148
91	44
91	77
91	79
91	108
91	118
91	123
91	124
91	125
91	130
92	55
92	73
92	78
92	110
92	112
92	114
92	115
92	122
92	128
92	129
93	43
93	45
93	68
93	81
93	113
93	126
93	131
93	135
93	140
93	149
94	30
94	31
94	38
94	49
94	66
94	71
94	90
94	110
94	127
94	143
95	11
95	17
95	69
95	72
95	97
95	98
95	102
95	135
95	139
95	149
96	4
96	56
96	60
96	64
96	75
96	85
96	87
96	97
96	101
96	106
96	146
97	11
97	42
97	45
97	69
97	72
97	95
97	96
97	98
97	102
97	116
97	135
98	11
98	17
98	42
98	45
98	69
98	72
98	95
98	97
98	114
98	135
98	140
99	13
99	34
99	80
99	82
99	108
99	117
99	121
99	132
99	138
99	139
99	144
100	2
100	6
100	14
100	16
100	74
100	76
100	89
100	121
100	131
100	132
100	137
101	4
101	56
101	60
101	64
101	71
101	85
101	87
101	96
101	106
101	127
101	146
102	11
102	55
102	73
102	95
102	97
102	105
102	110
102	119
102	122
102	123
102	129
103	1
103	12
103	29
103	61
103	62
103	119
103	120
103	138
103	139
103	144
103	150
104	15
104	47
104	65
104	109
104	116
104	128
104	133
104	136
104	141
104	145
104	148
105	9
105	50
105	86
105	102
105	111
105	122
105	129
105	134
105	137
105	149
105	150
106	4
106	37
106	53
106	56
106	60
106	64
106	85
106	87
106	96
106	101
106	146
107	3
107	112
107	114
107	115
107	116
107	133
107	135
107	139
107	141
107	145
108	77
108	79
108	91
108	99
108	118
108	123
108	124
108	125
108	130
108	147
108	148
109	20
109	47
109	104
109	116
109	128
109	130
109	131
109	133
109	136
109	141
109	148
109	149
110	15
110	50
110	53
110	55
110	73
110	81
110	92
110	94
110	102
110	127
110	131
110	140
111	18
111	40
111	52
111	58
111	83
111	105
111	112
111	114
111	115
111	122
111	129
111	132
112	3
112	38
112	92
112	107
112	111
112	114
112	115
112	133
112	135
112	139
112	145
112	150
113	39
113	43
113	45
113	68
113	81
113	93
113	126
113	131
113	140
113	141
113	147
113	149
114	3
114	56
114	92
114	98
114	107
114	111
114	112
114	115
114	133
114	135
114	139
114	145
115	3
115	35
115	92
115	107
115	111
115	112
115	114
115	133
115	135
115	138
115	139
115	144
115	145
116	20
116	47
116	65
116	97
116	104
116	107
116	109
116	128
116	135
116	136
116	141
116	142
116	147
117	6
117	13
117	80
117	82
117	88
117	99
117	121
117	124
117	132
117	138
117	139
117	144
117	145
118	77
118	79
118	87
118	90
118	91
118	108
118	123
118	124
118	125
118	130
118	147
118	148
118	149
119	12
119	29
119	37
119	62
119	102
119	103
119	120
119	134
119	138
119	139
119	144
119	146
119	150
120	12
120	29
120	37
120	62
120	65
120	90
120	103
120	119
120	134
120	138
120	139
120	144
120	150
121	46
121	51
121	59
121	63
121	66
121	76
121	80
121	82
121	89
121	99
121	100
121	117
121	132
121	134
121	138
122	9
122	50
122	61
122	62
122	78
122	92
122	102
122	105
122	111
122	129
122	134
122	137
122	145
122	149
122	150
123	13
123	45
123	77
123	79
123	91
123	102
123	108
123	118
123	124
123	125
123	126
123	130
123	147
123	148
123	149
124	77
124	79
124	91
124	108
124	117
124	118
124	123
124	125
124	126
124	130
124	143
124	147
124	148
124	149
125	9
125	77
125	79
125	91
125	108
125	118
125	123
125	124
125	126
125	130
125	140
125	147
125	148
125	149
126	3
126	18
126	39
126	40
126	52
126	57
126	58
126	68
126	93
126	113
126	123
126	124
126	125
126	130
127	1
127	6
127	14
127	15
127	16
127	25
127	30
127	38
127	89
127	94
127	101
127	110
127	139
127	140
127	143
128	11
128	20
128	47
128	65
128	92
128	104
128	109
128	116
128	131
128	135
128	136
128	141
128	142
128	147
128	148
129	9
129	50
129	52
129	61
129	78
129	84
129	92
129	102
129	105
129	111
129	122
129	134
129	137
129	149
129	150
130	30
130	45
130	77
130	79
130	91
130	108
130	109
130	118
130	123
130	124
130	125
130	126
130	147
130	148
130	149
131	15
131	37
131	43
131	53
131	68
131	73
131	87
131	93
131	100
131	109
131	110
131	113
131	128
131	136
131	141
131	149
132	14
132	16
132	26
132	75
132	76
132	83
132	84
132	88
132	99
132	100
132	111
132	117
132	121
132	143
132	144
132	145
133	33
133	45
133	57
133	74
133	86
133	104
133	107
133	109
133	112
133	114
133	115
133	136
133	137
133	141
133	145
133	149
134	9
134	12
134	29
134	33
134	57
134	74
134	78
134	86
134	105
134	119
134	120
134	121
134	122
134	129
134	137
134	146
135	42
135	43
135	72
135	93
135	95
135	97
135	98
135	107
135	112
135	114
135	115
135	116
135	128
135	136
135	139
135	141
136	20
136	47
136	65
136	66
136	104
136	109
136	116
136	128
136	131
136	133
136	135
136	138
136	141
136	142
136	147
136	148
137	50
137	57
137	59
137	62
137	74
137	76
137	86
137	89
137	100
137	105
137	122
137	129
137	133
137	134
137	142
137	149
138	5
138	29
138	62
138	63
138	75
138	80
138	99
138	103
138	115
138	117
138	119
138	120
138	121
138	136
138	143
138	146
138	150
139	17
139	82
139	88
139	95
139	99
139	103
139	107
139	112
139	114
139	115
139	117
139	119
139	120
139	127
139	135
139	144
139	150
140	4
140	15
140	19
140	21
140	39
140	44
140	53
140	54
140	78
140	93
140	98
140	110
140	113
140	125
140	127
140	143
140	149
141	20
141	47
141	65
141	85
141	104
141	107
141	109
141	113
141	116
141	128
141	131
141	133
141	135
141	136
141	142
141	147
141	148
142	8
142	22
142	24
142	26
142	34
142	51
142	65
142	67
142	70
142	83
142	116
142	128
142	136
142	137
142	141
142	144
142	145
143	1
143	19
143	21
143	25
143	36
143	38
143	44
143	54
143	69
143	88
143	94
143	124
143	127
143	132
143	138
143	140
143	144
143	145
144	13
144	24
144	41
144	67
144	82
144	84
144	99
144	103
144	115
144	117
144	119
144	120
144	132
144	139
144	142
144	143
144	146
144	150
145	27
145	80
145	82
145	83
145	84
145	88
145	104
145	107
145	112
145	114
145	115
145	117
145	122
145	132
145	133
145	142
145	143
145	146
146	26
146	35
146	51
146	63
146	64
146	66
146	75
146	83
146	84
146	87
146	96
146	101
146	106
146	119
146	134
146	138
146	144
146	145
146	148
147	31
147	48
147	49
147	58
147	60
147	65
147	90
147	108
147	113
147	116
147	118
147	123
147	124
147	125
147	128
147	130
147	136
147	141
147	148
148	10
148	31
148	32
148	48
148	71
148	90
148	104
148	108
148	109
148	118
148	123
148	124
148	125
148	128
148	130
148	136
148	141
148	146
148	147
148	150
149	43
149	68
149	78
149	93
149	95
149	105
149	109
149	113
149	118
149	122
149	123
149	124
149	125
149	129
149	130
149	131
149	133
149	137
149	140
149	150
150	50
150	51
150	59
150	62
150	63
150	66
150	75
150	78
150	103
150	105
150	112
150	119
150	120
150	122
150	129
150	138
150	139
150	144
150	148
150	149
