1	19 
2	21 
3	4 
4	3 
5	29 
6	13 14 
7	23 
8	1 
9	44 
10	20 
11	4 
12	29 
13	19 
14	4 
15	42 
16	15 
17	42 
18	9 10 
19	4 
20	36 
21	14 
22	4 
23	36 
24	19 26 
25	15 
26	39 
27	22 
28	18 
29	8 
30	40 
31	2 
32	43 
33	5 
34	18 41 
35	10 
36	2 
37	40 
38	29 
39	44 
40	43 
41	7 
42	11 
43	44 
44	15 
45	29 
46	9 
47	21 
48	30 
49	21 
50	17 
51	21 
52	36 
53	17 
54	39 
55	7 
56	9 
57	22 
58	37 
59	37 
60	45 
61	26 
62	21 
63	17 
64	27 
65	1 
66	26 
67	9 
68	36 
69	44 
70	4 
71	10 
72	33 
73	48 
74	23 
75	29 
76	30 
77	30 
78	43 
79	10 
80	48 
81	37 
82	20 
83	21 
84	29 
85	44 
86	13 
87	20 
88	40 
89	12 
90	1 
91	15 
92	45 
93	23 25 
94	44 
95	18 
96	11 
97	37 
98	34 
99	21 
100	30 
101	15 
102	2 
103	11 
104	4 
105	17 
106	15 
107	46 
108	13 
109	15 
110	40 
111	12 
112	26 
113	39 
114	27 
115	10 
116	39 
117	35 
118	28 
119	29 
120	13 
121	24 
122	38 
123	35 
124	13 42 
125	21 
126	36 
127	2 
128	32 
129	24 
130	10 
131	42 
132	12 
133	46 
134	27 32 
135	11 
136	18 
137	9 
138	41 
139	46 
140	16 
141	5 
142	41 
143	44 
144	12 
145	49 
146	28 
147	33 
148	9 
149	24 40 
150	19 
151	24 
152	32 
153	38 
154	30 
155	45 
156	19 
157	12 
158	37 
159	37 
160	12 
161	24 
162	15 
163	5 18 
164	9 
165	3 
166	20 
167	36 
168	12 
169	18 
170	5 
171	27 
172	17 
173	15 
174	21 
175	20 
176	3 
177	23 
178	2 
179	24 
180	26 
181	39 
182	35 
183	3 
184	3 
185	47 
186	8 
187	38 
188	8 
189	34 
190	2 
191	43 
192	30 
193	38 
194	17 
195	11 
196	47 
197	12 
198	49 
199	9 
200	15 
201	27 
202	17 
203	46 
204	12 
205	23 
206	40 
207	30 
208	1 
209	11 
210	20 
211	22 
212	45 
213	4 
214	35 
215	8 
216	2 
217	6 
218	40 
219	17 
220	45 
221	43 
222	5 
223	27 
224	24 
225	32 
226	34 
227	14 
228	33 
229	23 
230	18 
231	6 
232	37 
233	28 37 
234	48 
235	7 
236	7 
237	13 
238	32 
239	47 
240	20 
241	6 
242	32 
243	14 
244	22 
245	47 
246	41 
247	14 
248	41 
249	14 
250	42 
251	27 
252	20 
253	41 
254	27 
255	33 
256	35 
257	28 
258	22 
259	41 
260	40 
261	30 47 
262	42 
263	25 
264	33 
265	48 
266	19 
267	27 
268	38 
269	19 
270	18 
271	8 31 
272	12 
273	3 
274	17 
275	5 
276	6 
277	11 
278	25 
279	42 
280	16 
281	49 
282	4 
283	18 
284	34 
285	16 
286	6 
287	46 
288	16 
289	47 
290	11 
291	14 41 
292	27 
293	37 
294	34 
295	23 
296	24 
297	22 
298	13 
299	8 
300	16 
301	18 
302	5 
303	20 
304	22 
305	19 
306	6 
307	1 28 
308	31 
309	10 
310	49 
311	4 
312	31 
313	14 
314	24 
315	31 
316	31 
317	4 
318	48 
319	2 19 
320	32 
321	40 
322	12 
323	19 
324	22 
325	34 
326	41 
327	23 
328	17 29 
329	6 
330	42 
331	42 45 
332	23 
333	48 
334	32 37 
335	10 
336	46 
337	20 
338	34 
339	10 
340	5 
341	43 
342	12 
343	41 
344	31 
345	24 
346	18 
347	5 
348	35 
349	13 
350	12 
351	8 
352	23 
353	34 
354	43 
355	18 
356	6 
357	41 
358	46 
359	38 
360	8 
361	10 
362	16 
363	33 
364	24 
365	43 
366	11 
367	26 
368	35 
369	33 
370	26 
371	22 
372	39 
373	42 
374	35 
375	8 
376	8 
377	45 
378	16 
379	16 
380	31 
381	48 
382	16 
383	32 
384	33 
385	38 
386	41 
387	48 
388	11 
389	16 
390	33 
391	23 
392	3 
393	44 47 
394	12 
395	35 
396	45 
397	8 
398	35 
399	33 
400	10 
401	38 
402	22 
403	46 
404	4 
405	35 
406	36 
407	35 
408	32 
409	31 
410	49 
411	38 39 
412	18 29 
413	36 
414	42 43 
415	39 
416	47 
417	9 30 
418	39 49 
419	7 
420	22 
421	26 
422	19 
423	26 
424	16 
425	41 
426	46 
427	30 36 
428	6 
429	14 
430	33 
431	25 
432	5 
433	24 
434	7 
435	1 
436	14 
437	33 
438	5 
439	19 
440	8 
441	34 
442	19 
443	10 
444	14 
445	26 
446	5 
447	17 
448	32 
449	41 
450	33 
451	48 
452	47 
453	7 
454	6 
455	42 
456	7 
457	22 
458	38 
459	6 
460	10 
461	16 
462	34 
463	7 
464	13 
465	19 
466	45 
467	45 
468	4 
469	17 
470	34 
471	39 
472	43 
473	25 
474	42 
475	26 
476	22 
477	13 
478	46 
479	12 
480	33 
481	36 
482	6 
483	25 
484	38 
485	27 34 
486	34 
487	22 
488	28 
489	3 
490	43 
491	7 
492	23 44 
493	38 
494	37 
495	46 
496	26 
497	14 
498	37 
499	11 45 
500	38 
501	48 
502	10 
503	46 
504	13 
505	48 
506	31 
507	8 
508	41 
509	42 
510	49 
511	17 
512	43 
513	26 
514	26 
515	33 
516	1 
517	7 
518	31 
519	6 
520	1 
521	39 
522	24 
523	4 
524	36 
525	31 
526	47 
527	13 
528	16 
529	11 
530	47 
531	3 
532	5 
533	6 
534	14 
535	38 
536	49 
537	14 
538	39 
539	49 
540	36 
541	25 
542	25 31 
543	31 
544	26 
545	4 
546	49 
547	8 
548	19 
549	5 
550	3 
551	11 
552	3 
553	3 
554	38 
555	46 
556	45 
557	16 
558	47 
559	41 
560	39 
561	3 
562	38 
563	41 
564	48 
565	45 
566	26 
567	28 
568	49 
569	43 
570	42 
571	24 
572	48 
573	19 
574	25 
575	10 
576	33 
577	49 
578	7 41 
579	3 
580	43 
581	47 
582	39 
583	24 
584	49 
585	31 
586	13 
587	37 
588	7 25 
589	33 
590	24 
591	10 
592	37 
593	1 19 
594	14 
595	31 
596	38 
597	4 11 
598	34 
599	31 
600	4 
601	36 
602	21 23 
603	49 
604	36 
605	28 
606	24 
607	13 
608	41 
609	3 
610	46 
611	26 
612	26 
613	34 
614	31 
615	49 
616	45 
617	41 45 
618	39 
619	26 
620	42 49 
621	47 
622	10 
623	46 
624	39 
625	39 
626	24 
627	28 
628	19 
629	42 
630	14 
631	49 
632	3 
633	19 
634	13 
635	25 
636	10 13 
637	13 
638	37 
639	46 
640	42 
641	19 
642	24 
643	10 
644	42 
645	1 
646	36 
647	34 
648	46 
649	25 
650	3 
651	11 
652	26 
653	11 
654	16 20 
655	37 
656	37 
657	25 36 
658	14 
659	8 
660	47 
661	27 48 
662	14 
663	45 
664	39 
665	26 38 
666	42 
667	45 
668	11 
669	2 28 
670	37 
671	7 
672	49 
673	39 
674	7 
675	25 
676	47 
677	41 
678	1 
679	10 
680	19 
681	37 
682	31 
683	31 
684	49 
685	14 
686	24 
687	7 
688	31 
689	8 
690	25 
691	28 
692	1 
693	34 
694	37 
695	47 
696	26 
697	47 
698	36 43 
699	5 15 
700	41 
701	47 
702	1 
703	28 
704	25 
705	13 
706	49 
707	10 
708	8 
709	28 40 
710	11 
711	49 
712	31 
713	42 
714	24 
715	37 
716	47 
717	8 
718	26 
719	36 
720	8 
721	7 
722	31 
723	3 43 
724	49 
725	11 
726	24 
727	13 
728	8 
729	28 
730	7 
731	14 
732	10 
733	34 
734	36 
735	37 
736	34 
737	2 5 
738	35 37 
739	30 46 
740	36 
741	7 49 
742	42 
743	24 
744	13 
745	42 
746	10 
747	28 
748	26 
749	37 
750	37 
751	34 
752	34 
753	41 
754	28 
755	10 
756	46 
757	17 28 
758	8 
759	46 
760	36 
761	28 
762	39 44 
763	34 
764	20 25 
765	45 
766	14 
767	31 
768	7 
769	42 
770	31 
771	28 
772	42 
773	8 
774	45 
775	26 
776	7 
777	8 11 
778	14 
779	9 28 
780	14 16 
781	6 40 
782	8 
783	8 
784	45 
785	14 
786	31 
787	3 17 
788	28 
789	46 
790	7 
791	13 
792	29 37 
793	45 
794	36 
795	1 
796	8 
797	14 
798	25 
799	2 10 
800	24 
801	45 
802	8 38 
803	34 
804	25 
805	24 37 
806	28 
807	26 
808	1 
809	14 
810	34 
811	1 48 
812	31 
813	25 
814	42 
815	1 
816	13 
817	32 41 
818	1 
819	28 
820	1 35 
821	28 46 
822	31 
823	19 43 
824	46 
825	45 
826	24 
827	36 
828	1 
829	28 
830	28 38 
831	34 
832	42 
833	34 
834	25 
835	42 
836	31 
837	26 
838	46 
839	26 
840	37 
841	36 
842	28 
843	8 
844	31 
845	25 
846	45 
847	25 
848	28 
849	7 
850	1 
851	34 
852	8 
853	31 
854	25 
855	26 
856	31 
857	42 
858	7 
859	1 
860	8 
861	28 
862	34 
863	25 
864	13 
865	13 
866	28 
867	28 
868	37 
869	45 
870	1 
871	25 
872	13 
873	25 
874	1 
875	13 
876	45 
877	45 
878	25 
879	1 
880	13 
881	11 13 
882	25 28 
883	7 36 
884	37 
885	7 45 
886	8 
887	42 
888	7 
889	31 
890	13 
891	25 37 
892	25 
893	45 
894	25 
895	28 
896	10 22 
897	25 
898	45 
899	4 13 
900	6 47 
901	22 36 
902	7 
903	32 47 
904	1 
905	37 
906	45 
907	28 
908	42 
909	7 
910	42 
911	13 
912	24 40 
913	7 
914	45 
915	42 
916	25 
917	13 46 
918	25 
919	45 
920	13 
921	9 37 
922	13 
923	7 48 
924	36 45 
925	42 
926	42 
927	7 
928	13 
929	13 
930	45 
931	1 
932	13 
933	28 
934	13 28 
935	25 
936	1 
937	42 
938	25 
939	8 26 
940	28 
941	1 
942	42 
943	28 
944	25 
945	42 
946	28 
947	1 37 
948	25 
949	7 
950	1 
951	7 
952	45 
953	1 
954	7 
955	7 
956	45 
957	1 
958	28 
959	28 48 
960	13 
961	45 
962	45 
963	1 
964	1 
965	1 34 
966	28 
967	1 3 
968	28 
969	7 
970	1 
971	1 34 
972	45 
973	45 
974	28 
975	7 
976	23 46 
977	7 
978	28 
979	1 
980	45 
981	45 
982	14 24 
983	11 36 
984	1 
985	36 46 
986	1 
987	7 
988	7 
989	28 
990	7 42 
991	45 
992	1 42 
993	1 
994	28 
995	28 
996	1 
997	34 46 
998	7 32 
999	1 33 
1000	13 31 
