0	2	1
0	4	3
0	6	1
0	9	1
0	10	1
0	11	1
0	12	2
0	14	1
0	15	1
0	16	4
1	2	3
1	3	2
1	4	4
1	5	4
1	8	5
1	9	1
1	10	1
1	11	2
1	12	1
1	13	2
1	14	2
2	3	1
2	4	4
2	5	4
2	6	4
2	10	4
2	12	1
2	13	2
2	14	1
2	15	1
2	16	2
3	4	4
3	5	1
3	6	2
3	7	1
3	8	6
3	9	4
3	10	3
3	11	2
3	12	3
3	13	7
3	14	4
3	15	3
3	16	4
3	17	5
4	5	3
4	6	1
4	7	1
4	8	2
4	9	3
4	10	6
4	11	2
4	12	1
4	13	1
4	14	1
4	16	2
4	17	4
5	6	4
5	7	2
5	8	3
5	10	1
5	11	5
5	12	2
5	13	2
5	15	4
5	16	1
6	7	1
6	8	5
6	11	3
6	13	2
6	15	1
6	16	1
6	17	3
7	10	3
7	11	2
7	15	1
7	16	4
8	9	6
8	10	1
8	11	2
8	12	7
8	13	6
8	14	1
8	16	5
8	17	2
9	11	2
9	12	4
9	13	4
9	14	4
9	15	3
9	16	3
9	17	6
10	11	1
10	12	1
10	14	1
10	16	6
10	17	4
11	12	3
11	13	3
11	14	5
11	15	1
11	16	3
11	17	3
12	13	9
12	14	3
12	16	2
12	17	2
13	14	3
13	15	1
13	16	2
13	17	7
14	15	1
14	16	2
15	16	1
15	17	2
