#module 0 size: 10 bs: 0.0161532
2 42 43 53 54 56 61 62 69 77 
#module 1 size: 10 bs: 0.0819744
8 17 29 37 64 72 73 83 86 87 
#module 2 size: 7 bs: 0.00036156
16 32 33 47 67 90 98 
#module 3 size: 5 bs: 0.00277925
11 19 24 48 70 
#module 4 size: 13 bs: 0.056719
40 44 45 46 51 71 74 84 92 93 95 97 99 
#module 5 size: 6 bs: 0.00608368
13 14 25 50 57 84 
#module 6 size: 8 bs: 0.000878155
36 49 65 66 79 81 85 98 
#module 7 size: 27 bs: 0.0874844
1 3 4 5 6 10 15 20 21 22 23 26 27 28 34 38 39 41 55 58 63 68 73 89 90 91 96 
#module 8 size: 21 bs: 0.0072269
7 9 12 30 31 35 52 59 60 70 75 76 78 80 82 83 86 88 94 95 100 
#module 0 size: 10 bs: 0.0290064
2 42 43 53 54 56 61 62 69 77 
#module 1 size: 10 bs: 0.0030865
8 17 29 37 64 72 73 83 86 87 
#module 2 size: 7 bs: 0.0819745
16 32 33 47 67 90 98 
#module 3 size: 5 bs: 0.000645692
11 19 24 48 70 
#module 4 size: 13 bs: 0.00426674
40 44 45 46 51 71 74 84 92 93 95 97 99 
#module 5 size: 6 bs: 0.056719
13 14 25 50 57 84 
#module 6 size: 8 bs: 0.00608368
36 49 65 66 79 81 85 98 
#module 7 size: 13 bs: 0.0373589
3 5 10 15 20 21 23 34 38 58 63 90 96 
#module 8 size: 21 bs: 0.00722691
7 9 12 30 31 35 52 59 60 70 75 76 78 80 82 83 86 88 94 95 100 
#module 9 size: 12 bs: 0.0312106
4 22 26 27 28 39 41 55 68 73 89 91 
#module 0 size: 10 bs: 0.0161532
2 42 43 53 54 56 61 62 69 77 
#module 1 size: 10 bs: 0.00271041
8 17 29 37 64 72 73 83 86 87 
#module 2 size: 7 bs: 0.000645692
16 32 33 47 67 90 98 
#module 3 size: 5 bs: 0.00277925
11 19 24 48 70 
#module 4 size: 13 bs: 0.0567189
40 44 45 46 51 71 74 84 92 93 95 97 99 
#module 5 size: 6 bs: 0.00608368
13 14 25 50 57 84 
#module 6 size: 8 bs: 0.000878155
36 49 65 66 79 81 85 98 
#module 7 size: 13 bs: 0.0373589
3 5 10 15 20 21 23 34 38 58 63 90 96 
#module 8 size: 21 bs: 0.00722691
7 9 12 30 31 35 52 59 60 70 75 76 78 80 82 83 86 88 94 95 100 
#module 9 size: 12 bs: 0.0312106
4 22 26 27 28 39 41 55 68 73 89 91 
#module 0 size: 6 bs: 0.0564211
6 10 34 58 63 90 
#module 1 size: 10 bs: 0.0290065
2 42 43 53 54 56 61 62 69 77 
#module 2 size: 7 bs: 0.0161532
3 5 15 20 23 38 96 
#module 3 size: 7 bs: 0.0785757
16 32 33 47 67 90 98 
#module 4 size: 5 bs: 0.000645691
11 19 24 48 70 
#module 5 size: 13 bs: 0.00277925
40 44 45 46 51 71 74 84 92 93 95 97 99 
#module 6 size: 6 bs: 0.00581184
13 14 25 50 57 84 
#module 7 size: 8 bs: 0.00608367
36 49 65 66 79 81 85 98 
#module 8 size: 12 bs: 0.0290065
4 22 26 27 28 39 41 55 68 73 89 91 
#module 9 size: 10 bs: 0.0312106
8 17 29 37 64 72 73 83 86 87 
#module 10 size: 21 bs: 0.0072269
7 9 12 30 31 35 52 59 60 70 75 76 78 80 82 83 86 88 94 95 100 
#module 0 size: 10 bs: 0.0290064
2 42 43 53 54 56 61 62 69 77 
#module 1 size: 10 bs: 0.0236739
7 12 30 31 52 59 75 80 88 100 
#module 2 size: 22 bs: 0.0730829
8 9 17 29 35 37 60 64 70 72 73 75 76 78 80 82 83 86 87 94 95 100 
#module 3 size: 7 bs: 0.0815527
16 32 33 47 67 90 98 
#module 4 size: 5 bs: 0.000645691
11 19 24 48 70 
#module 5 size: 13 bs: 0.00426673
40 44 45 46 51 71 74 84 92 93 95 97 99 
#module 6 size: 6 bs: 0.056719
13 14 25 50 57 84 
#module 7 size: 8 bs: 0.00608368
36 49 65 66 79 81 85 98 
#module 8 size: 27 bs: 0.0874844
1 3 4 5 6 10 15 20 21 22 23 26 27 28 34 38 39 41 55 58 63 68 73 89 90 91 96 
#module 0 size: 10 bs: 0.0290065
2 42 43 53 54 56 61 62 69 77 
#module 1 size: 10 bs: 0.0785755
8 17 29 37 64 72 73 83 86 87 
#module 2 size: 7 bs: 0.0416276
16 32 33 47 67 90 98 
#module 3 size: 5 bs: 0.000645691
11 19 24 48 70 
#module 4 size: 13 bs: 0.00277925
40 44 45 46 51 71 74 84 92 93 95 97 99 
#module 5 size: 6 bs: 0.056719
13 14 25 50 57 84 
#module 6 size: 8 bs: 0.00608367
36 49 65 66 79 81 85 98 
#module 7 size: 13 bs: 0.0115721
3 5 10 15 20 21 23 34 38 58 63 90 96 
#module 8 size: 21 bs: 0.00722691
7 9 12 30 31 35 52 59 60 70 75 76 78 80 82 83 86 88 94 95 100 
#module 9 size: 12 bs: 0.0312106
4 22 26 27 28 39 41 55 68 73 89 91 
#module 0 size: 6 bs: 0.0564213
6 10 34 58 63 90 
#module 1 size: 10 bs: 0.0161532
2 42 43 53 54 56 61 62 69 77 
#module 2 size: 7 bs: 0.00155706
3 5 15 20 23 38 96 
#module 3 size: 10 bs: 0.0819744
8 17 29 37 64 72 73 83 86 87 
#module 4 size: 7 bs: 0.000645691
16 32 33 47 67 90 98 
#module 5 size: 5 bs: 0.00426673
11 19 24 48 70 
#module 6 size: 13 bs: 0.056719
40 44 45 46 51 71 74 84 92 93 95 97 99 
#module 7 size: 6 bs: 0.00608368
13 14 25 50 57 84 
#module 8 size: 8 bs: 0.000878156
36 49 65 66 79 81 85 98 
#module 9 size: 12 bs: 0.0312106
4 22 26 27 28 39 41 55 68 73 89 91 
#module 10 size: 22 bs: 0.00103306
7 9 12 30 31 35 52 59 60 70 72 75 76 78 80 82 83 86 88 94 95 100 
#module 0 size: 10 bs: 0.0171241
2 42 43 53 54 56 61 62 69 77 
#module 1 size: 7 bs: 0.00474798
16 32 33 47 67 90 98 
#module 2 size: 5 bs: 0.000645692
11 19 24 48 70 
#module 3 size: 13 bs: 0.00277925
40 44 45 46 51 71 74 84 92 93 95 97 99 
#module 4 size: 6 bs: 0.0567189
13 14 25 50 57 84 
#module 5 size: 8 bs: 0.00608368
36 49 65 66 79 81 85 98 
#module 6 size: 18 bs: 0.0020676
4 17 22 26 27 28 29 39 41 55 64 68 73 83 86 87 89 91 
#module 7 size: 13 bs: 0.0373588
3 5 10 15 20 21 23 34 38 58 63 90 96 
#module 8 size: 22 bs: 0.00103306
7 9 12 30 31 35 52 59 60 70 72 75 76 78 80 82 83 86 88 94 95 100 
#module 0 size: 10 bs: 0.0161532
2 42 43 53 54 56 61 62 69 77 
#module 1 size: 7 bs: 0.00036156
16 32 33 47 67 90 98 
#module 2 size: 13 bs: 0.00581184
40 44 45 46 51 71 74 84 92 93 95 97 99 
#module 3 size: 6 bs: 0.00608367
13 14 25 50 57 84 
#module 4 size: 8 bs: 0.000878156
36 49 65 66 79 81 85 98 
#module 5 size: 5 bs: 0.00426674
11 19 24 48 70 
#module 6 size: 27 bs: 0.0874844
1 3 4 5 6 10 15 20 21 22 23 26 27 28 34 38 39 41 55 58 63 68 73 89 90 91 96 
#module 7 size: 10 bs: 0.0819745
8 17 29 37 64 72 73 83 86 87 
#module 8 size: 20 bs: 0.00805388
7 9 12 30 31 35 52 59 60 70 75 76 78 80 82 83 88 94 95 100 
#module 0 size: 7 bs: 0.000645691
16 32 33 47 67 90 98 
#module 1 size: 7 bs: 0.00155706
3 5 15 20 23 38 96 
#module 2 size: 10 bs: 0.0161532
2 42 43 53 54 56 61 62 69 77 
#module 3 size: 13 bs: 0.056719
40 44 45 46 51 71 74 84 92 93 95 97 99 
#module 4 size: 6 bs: 0.00608368
13 14 25 50 57 84 
#module 5 size: 8 bs: 0.000878155
36 49 65 66 79 81 85 98 
#module 6 size: 12 bs: 0.0312106
4 22 26 27 28 39 41 55 68 73 89 91 
#module 7 size: 25 bs: 0.00817703
7 9 11 12 19 24 30 31 35 48 52 59 60 70 75 76 78 80 82 83 86 88 94 95 100 
#module 8 size: 10 bs: 0.0819744
8 17 29 37 64 72 73 83 86 87 
#module 0 size: 10 bs: 0.0161532
2 42 43 53 54 56 61 62 69 77 
#module 1 size: 7 bs: 0.000645691
16 32 33 47 67 90 98 
#module 2 size: 13 bs: 0.056719
40 44 45 46 51 71 74 84 92 93 95 97 99 
#module 3 size: 6 bs: 0.00608367
13 14 25 50 57 84 
#module 4 size: 8 bs: 0.000878156
36 49 65 66 79 81 85 98 
#module 5 size: 5 bs: 0.00277925
11 19 24 48 70 
#module 6 size: 27 bs: 0.0874843
1 3 4 5 6 10 15 20 21 22 23 26 27 28 34 38 39 41 55 58 63 68 73 89 90 91 96 
#module 7 size: 10 bs: 0.0819745
8 17 29 37 64 72 73 83 86 87 
#module 8 size: 20 bs: 0.00805387
7 9 12 30 31 35 52 59 60 70 75 76 78 80 82 83 88 94 95 100 
#module 0 size: 10 bs: 0.0290064
2 42 43 53 54 56 61 62 69 77 
#module 1 size: 7 bs: 0.0316834
16 32 33 47 67 90 98 
#module 2 size: 5 bs: 0.0319047
11 19 24 48 70 
#module 3 size: 13 bs: 0.00103306
40 44 45 46 51 71 74 84 92 93 95 97 99 
#module 4 size: 6 bs: 0.00036156
13 14 25 50 57 84 
#module 5 size: 8 bs: 0.00426674
36 49 65 66 79 81 85 98 
#module 6 size: 27 bs: 0.0874844
1 3 4 5 6 10 15 20 21 22 23 26 27 28 34 38 39 41 55 58 63 68 73 89 90 91 96 
#module 7 size: 4 bs: 0.0775902
8 37 72 87 
#module 8 size: 20 bs: 0.0349584
7 12 30 31 35 52 59 60 70 75 76 78 80 82 83 86 88 94 95 100 
#module 0 size: 7 bs: 0.00036156
16 32 33 47 67 90 98 
#module 1 size: 10 bs: 0.0161532
2 42 43 53 54 56 61 62 69 77 
#module 2 size: 7 bs: 0.00155706
3 5 15 20 23 38 96 
#module 3 size: 10 bs: 0.0819744
8 17 29 37 64 72 73 83 86 87 
#module 4 size: 5 bs: 0.00277925
11 19 24 48 70 
#module 5 size: 13 bs: 0.056719
40 44 45 46 51 71 74 84 92 93 95 97 99 
#module 6 size: 6 bs: 0.00608368
13 14 25 50 57 84 
#module 7 size: 8 bs: 0.000878157
36 49 65 66 79 81 85 98 
#module 8 size: 22 bs: 0.00103306
7 9 12 30 31 35 52 59 60 70 72 75 76 78 80 82 83 86 88 94 95 100 
#module 9 size: 12 bs: 0.0312106
4 22 26 27 28 39 41 55 68 73 89 91 
#module 0 size: 10 bs: 0.0290064
2 42 43 53 54 56 61 62 69 77 
#module 1 size: 19 bs: 0.0775902
7 12 30 31 35 52 59 60 75 76 78 80 82 83 86 88 94 95 100 
#module 2 size: 7 bs: 0.0791045
16 32 33 47 67 90 98 
#module 3 size: 13 bs: 0.0392903
40 44 45 46 51 71 74 84 92 93 95 97 99 
#module 4 size: 6 bs: 0.000645692
13 14 25 50 57 84 
#module 5 size: 8 bs: 0.056719
36 49 65 66 79 81 85 98 
#module 6 size: 18 bs: 0.0747989
3 5 10 11 15 19 20 21 23 24 34 38 48 58 63 70 90 96 
#module 7 size: 12 bs: 0.0312106
4 22 26 27 28 39 41 55 68 73 89 91 
#module 8 size: 10 bs: 0.00271041
8 17 29 37 64 72 73 83 86 87 
#module 0 size: 10 bs: 0.0161532
2 42 43 53 54 56 61 62 69 77 
#module 1 size: 10 bs: 0.0819745
8 17 29 37 64 72 73 83 86 87 
#module 2 size: 5 bs: 0.00277925
11 19 24 48 70 
#module 3 size: 13 bs: 0.056719
40 44 45 46 51 71 74 84 92 93 95 97 99 
#module 4 size: 6 bs: 0.00608367
13 14 25 50 57 84 
#module 5 size: 7 bs: 0.000645692
16 32 33 47 67 90 98 
#module 6 size: 8 bs: 0.000878156
36 49 65 66 79 81 85 98 
#module 7 size: 27 bs: 0.0874843
1 3 4 5 6 10 15 20 21 22 23 26 27 28 34 38 39 41 55 58 63 68 73 89 90 91 96 
#module 8 size: 21 bs: 0.00722691
7 9 12 30 31 35 52 59 60 70 75 76 78 80 82 83 86 88 94 95 100 
#module 0 size: 10 bs: 0.0290064
2 42 43 53 54 56 61 62 69 77 
#module 1 size: 7 bs: 0.0819745
16 32 33 47 67 90 98 
#module 2 size: 5 bs: 0.00103306
11 19 24 48 70 
#module 3 size: 13 bs: 0.00036156
40 44 45 46 51 71 74 84 92 93 95 97 99 
#module 4 size: 6 bs: 0.00426673
13 14 25 50 57 84 
#module 5 size: 8 bs: 0.056719
36 49 65 66 79 81 85 98 
#module 6 size: 10 bs: 0.0730829
7 12 30 31 52 59 75 80 88 100 
#module 7 size: 12 bs: 0.00651828
4 22 26 27 28 39 41 55 68 73 89 91 
#module 8 size: 13 bs: 0.0373588
3 5 10 15 20 21 23 34 38 58 63 90 96 
#module 9 size: 22 bs: 0.0815526
8 9 17 29 35 37 60 64 70 72 73 75 76 78 80 82 83 86 87 94 95 100 
#module 0 size: 6 bs: 0.0564213
6 10 34 58 63 90 
#module 1 size: 10 bs: 0.0161532
2 42 43 53 54 56 61 62 69 77 
#module 2 size: 7 bs: 0.00155706
3 5 15 20 23 38 96 
#module 3 size: 10 bs: 0.0819744
8 17 29 37 64 72 73 83 86 87 
#module 4 size: 7 bs: 0.000645692
16 32 33 47 67 90 98 
#module 5 size: 5 bs: 0.00277925
11 19 24 48 70 
#module 6 size: 13 bs: 0.0567189
40 44 45 46 51 71 74 84 92 93 95 97 99 
#module 7 size: 6 bs: 0.00608367
13 14 25 50 57 84 
#module 8 size: 8 bs: 0.000878155
36 49 65 66 79 81 85 98 
#module 9 size: 12 bs: 0.00651829
4 22 26 27 28 39 41 55 68 73 89 91 
#module 10 size: 9 bs: 0.0171241
60 70 76 78 82 83 94 95 100 
#module 11 size: 10 bs: 0.0730829
7 12 30 31 52 59 75 80 88 100 
#module 0 size: 10 bs: 0.0161532
2 42 43 53 54 56 61 62 69 77 
#module 1 size: 13 bs: 0.056719
40 44 45 46 51 71 74 84 92 93 95 97 99 
#module 2 size: 6 bs: 0.00608368
13 14 25 50 57 84 
#module 3 size: 7 bs: 0.000645692
16 32 33 47 67 90 98 
#module 4 size: 8 bs: 0.000878156
36 49 65 66 79 81 85 98 
#module 5 size: 27 bs: 0.0874844
1 3 4 5 6 10 15 20 21 22 23 26 27 28 34 38 39 41 55 58 63 68 73 89 90 91 96 
#module 6 size: 9 bs: 0.0925908
8 17 29 64 72 73 83 86 87 
#module 7 size: 22 bs: 0.0406545
7 11 12 19 24 30 31 48 52 59 60 70 75 76 78 80 82 83 88 94 95 100 
#module 0 size: 10 bs: 0.0171241
2 42 43 53 54 56 61 62 69 77 
#module 1 size: 10 bs: 0.0041498
8 17 29 37 64 72 73 83 86 87 
#module 2 size: 7 bs: 0.0819745
16 32 33 47 67 90 98 
#module 3 size: 5 bs: 0.0201919
11 19 24 48 70 
#module 4 size: 13 bs: 0.00036156
40 44 45 46 51 71 74 84 92 93 95 97 99 
#module 5 size: 6 bs: 0.00277925
13 14 25 50 57 84 
#module 6 size: 8 bs: 0.0567189
36 49 65 66 79 81 85 98 
#module 7 size: 13 bs: 0.0373588
3 5 10 15 20 21 23 34 38 58 63 90 96 
#module 8 size: 12 bs: 0.0312106
4 22 26 27 28 39 41 55 68 73 89 91 
#module 9 size: 20 bs: 0.0936852
7 9 12 30 31 35 52 59 60 72 75 76 78 80 82 83 86 88 94 100 
#module 0 size: 5 bs: 0.00205381
6 10 58 63 90 
#module 1 size: 7 bs: 0.00155706
3 5 15 20 23 38 96 
#module 2 size: 10 bs: 0.0161532
2 42 43 53 54 56 61 62 69 77 
#module 3 size: 10 bs: 0.0416275
8 17 29 37 64 72 73 83 86 87 
#module 4 size: 7 bs: 0.00036156
16 32 33 47 67 90 98 
#module 5 size: 5 bs: 0.00426674
11 19 24 48 70 
#module 6 size: 13 bs: 0.056719
40 44 45 46 51 71 74 84 92 93 95 97 99 
#module 7 size: 6 bs: 0.00608367
13 14 25 50 57 84 
#module 8 size: 8 bs: 0.000878156
36 49 65 66 79 81 85 98 
#module 9 size: 12 bs: 0.0312106
4 22 26 27 28 39 41 55 68 73 89 91 
#module 10 size: 22 bs: 0.00103306
7 9 12 30 31 35 52 59 60 70 72 75 76 78 80 82 83 86 88 94 95 100 
