#module 0 size: 15 bs: 0.0522206
12 18 24 56 58 63 67 69 82 83 88 94 96 99 100 
#module 1 size: 11 bs: 0.0127875
17 20 23 31 43 47 48 55 62 65 69 
#module 2 size: 17 bs: 0.0565452
4 8 21 29 32 38 39 44 51 52 61 64 67 72 75 81 85 
#module 3 size: 11 bs: 0.35665
1 6 14 35 40 65 66 70 74 79 84 
#module 4 size: 19 bs: 0.174784
3 5 7 9 13 16 22 25 26 28 30 34 41 50 60 71 73 95 98 
#module 5 size: 12 bs: 0.304367
2 53 57 59 76 77 78 80 89 91 92 93 
#module 6 size: 20 bs: 0.630807
10 11 15 19 27 33 36 37 42 45 46 49 54 68 81 86 87 89 90 97 
