1	46
1	98
1	107
1	108
1	112
1	137
2	28
2	48
2	67
2	73
2	101
2	140
3	16
3	17
3	57
3	135
3	136
3	147
4	36
4	37
4	51
4	54
4	133
4	137
5	12
5	41
5	59
5	86
5	108
5	124
6	56
6	95
6	136
6	142
6	146
6	150
7	94
7	95
7	97
7	104
7	130
8	53
8	76
8	79
8	82
8	85
8	106
9	28
9	48
9	61
9	73
9	77
9	101
10	13
10	78
10	83
10	138
10	141
10	148
11	100
11	105
11	121
11	128
11	139
11	143
12	5
12	31
12	41
12	86
12	108
12	139
13	10
13	78
13	83
13	99
13	138
13	148
14	21
14	27
14	38
14	47
14	50
14	58
15	40
15	45
15	55
15	134
15	135
15	145
16	3
16	17
16	57
16	135
16	136
16	147
17	3
17	16
17	57
17	78
17	134
17	147
18	136
18	142
18	143
18	145
18	146
18	149
19	65
19	68
19	105
19	114
19	121
19	128
20	42
20	80
20	90
20	117
20	120
20	148
21	14
21	25
21	27
21	47
21	50
21	58
22	24
22	49
22	64
22	69
22	72
22	76
23	70
23	107
23	122
23	133
23	137
23	147
24	22
24	49
24	60
24	64
24	69
24	72
25	21
25	27
25	30
25	47
25	50
25	58
26	43
26	116
26	118
26	141
26	148
26	150
27	14
27	21
27	25
27	47
27	50
27	58
28	2
28	9
28	53
28	73
28	101
28	141
29	62
29	90
29	117
29	120
29	140
29	142
30	25
30	91
30	113
30	133
30	138
30	149
31	12
31	41
31	59
31	86
31	108
31	144
32	39
32	63
32	66
32	134
32	137
32	143
33	114
33	126
33	127
33	129
33	131
33	132
34	114
34	126
34	127
34	129
34	131
34	132
35	36
35	37
35	51
35	54
35	77
35	133
36	4
36	35
36	37
36	51
36	54
36	63
37	4
37	35
37	36
37	51
37	54
37	133
37	145
38	14
38	91
38	96
38	113
38	133
38	138
38	149
39	32
39	63
39	66
39	110
39	134
39	137
39	143
40	15
40	55
40	93
40	113
40	134
40	135
40	145
41	5
41	12
41	31
41	86
41	108
41	124
41	139
42	20
42	62
42	80
42	90
42	103
42	117
42	120
43	26
43	96
43	110
43	116
43	118
43	148
43	150
44	52
44	88
44	92
44	98
44	112
44	122
44	140
45	15
45	81
45	84
45	93
45	102
45	115
45	123
46	1
46	107
46	109
46	116
46	119
46	137
46	147
47	14
47	21
47	25
47	27
47	50
47	58
47	127
48	2
48	9
48	61
48	67
48	77
48	101
48	141
49	22
49	24
49	64
49	69
49	72
49	113
49	124
50	14
50	21
50	25
50	27
50	47
50	58
50	74
51	4
51	35
51	36
51	37
51	54
51	133
51	144
52	44
52	84
52	93
52	102
52	103
52	115
52	123
53	8
53	28
53	76
53	79
53	82
53	89
53	106
54	4
54	35
54	36
54	37
54	51
54	110
54	133
55	15
55	40
55	113
55	122
55	134
55	135
55	145
56	6
56	124
56	136
56	142
56	144
56	146
56	150
57	3
57	16
57	17
57	135
57	136
57	147
57	150
58	14
58	21
58	25
58	27
58	47
58	50
58	97
59	5
59	31
59	86
59	99
59	108
59	124
59	144
60	24
60	61
60	64
60	69
60	72
60	99
60	124
61	9
61	48
61	60
61	67
61	73
61	77
61	101
62	29
62	42
62	80
62	90
62	117
62	120
62	140
62	148
63	32
63	36
63	39
63	110
63	134
63	137
63	143
63	144
64	22
64	24
64	49
64	60
64	69
64	72
64	113
64	145
65	19
65	68
65	105
65	121
65	128
65	130
65	143
65	146
66	32
66	39
66	89
66	110
66	134
66	137
66	143
66	144
67	2
67	48
67	61
67	73
67	77
67	101
67	129
67	141
68	19
68	65
68	100
68	105
68	121
68	126
68	128
68	145
69	22
69	24
69	49
69	60
69	64
69	72
69	124
69	142
70	23
70	107
70	109
70	111
70	119
70	121
70	137
70	147
71	111
71	114
71	125
71	126
71	127
71	129
71	131
71	132
72	22
72	24
72	49
72	60
72	64
72	69
72	99
72	124
73	2
73	9
73	28
73	61
73	67
73	77
73	81
73	101
74	50
74	111
74	116
74	118
74	130
74	148
74	149
74	150
75	84
75	93
75	96
75	99
75	102
75	103
75	115
75	123
76	8
76	22
76	53
76	79
76	82
76	85
76	89
76	106
77	9
77	35
77	48
77	61
77	67
77	73
77	101
77	141
78	10
78	13
78	17
78	83
78	88
78	138
78	141
78	148
79	8
79	53
79	76
79	85
79	88
79	89
79	106
79	109
80	20
80	42
80	62
80	117
80	120
80	135
80	146
80	147
81	45
81	73
81	93
81	99
81	102
81	103
81	115
81	123
82	8
82	53
82	76
82	85
82	89
82	96
82	106
82	119
82	138
83	10
83	13
83	78
83	88
83	99
83	138
83	139
83	141
83	148
84	45
84	52
84	75
84	93
84	102
84	103
84	115
84	123
84	137
85	8
85	76
85	79
85	82
85	89
85	106
85	109
85	138
85	139
86	5
86	12
86	31
86	41
86	59
86	108
86	122
86	139
86	144
87	114
87	125
87	126
87	127
87	128
87	129
87	131
87	132
88	44
88	78
88	79
88	83
88	92
88	112
88	121
88	128
88	148
89	53
89	66
89	76
89	79
89	82
89	85
89	106
89	119
89	138
90	20
90	29
90	42
90	62
90	117
90	120
90	135
90	147
90	148
91	30
91	38
91	96
91	111
91	113
91	133
91	138
91	145
91	149
92	44
92	88
92	98
92	109
92	112
92	119
92	122
92	139
92	140
93	40
93	45
93	52
93	75
93	81
93	84
93	102
93	103
93	115
93	123
94	7
94	95
94	97
94	104
94	110
94	124
94	140
94	142
94	146
94	150
95	6
95	7
95	94
95	97
95	104
95	140
95	142
95	146
95	150
96	38
96	43
96	75
96	82
96	91
96	115
96	116
96	118
96	123
96	149
97	7
97	58
97	94
97	95
97	104
97	110
97	140
97	142
97	146
97	150
98	1
98	44
98	92
98	109
98	112
98	119
98	122
98	139
98	140
98	144
99	13
99	59
99	60
99	72
99	75
99	81
99	83
99	113
99	123
99	141
100	11
100	68
100	105
100	121
100	128
100	130
100	139
100	143
100	145
100	148
101	2
101	9
101	28
101	48
101	61
101	67
101	73
101	77
101	141
101	143
102	45
102	52
102	75
102	81
102	84
102	93
102	103
102	115
102	123
102	132
103	42
103	52
103	75
103	81
103	84
103	93
103	102
103	115
103	123
103	137
104	7
104	94
104	95
104	97
104	109
104	110
104	140
104	142
104	146
104	150
105	11
105	19
105	65
105	68
105	100
105	121
105	128
105	130
105	133
105	139
105	145
106	8
106	53
106	76
106	79
106	82
106	85
106	89
106	109
106	119
106	137
106	138
107	1
107	23
107	46
107	70
107	108
107	109
107	111
107	119
107	122
107	137
107	147
108	1
108	5
108	12
108	31
108	41
108	59
108	86
108	107
108	124
108	139
108	144
109	46
109	70
109	79
109	85
109	92
109	98
109	104
109	106
109	107
109	112
109	119
110	39
110	43
110	54
110	63
110	66
110	94
110	97
110	104
110	116
110	118
110	144
111	70
111	71
111	74
111	91
111	107
111	116
111	118
111	122
111	138
111	147
111	149
112	1
112	44
112	88
112	92
112	98
112	109
112	119
112	122
112	135
112	139
112	140
113	30
113	38
113	40
113	49
113	55
113	64
113	91
113	99
113	145
113	147
113	148
113	149
114	19
114	33
114	34
114	71
114	87
114	125
114	126
114	127
114	129
114	131
114	132
115	45
115	52
115	75
115	81
115	84
115	93
115	96
115	102
115	103
115	119
115	123
115	137
116	26
116	43
116	46
116	74
116	96
116	110
116	111
116	118
116	130
116	148
116	149
116	150
117	20
117	29
117	42
117	62
117	80
117	90
117	120
117	135
117	136
117	140
117	147
117	148
118	26
118	43
118	74
118	96
118	110
118	111
118	116
118	130
118	146
118	148
118	149
118	150
119	46
119	70
119	82
119	89
119	92
119	98
119	106
119	107
119	109
119	112
119	115
119	139
120	20
120	29
120	42
120	62
120	80
120	90
120	117
120	125
120	135
120	140
120	147
120	148
121	11
121	19
121	65
121	68
121	70
121	88
121	100
121	105
121	128
121	130
121	139
121	143
122	23
122	44
122	55
122	86
122	92
122	98
122	107
122	111
122	112
122	127
122	131
122	132
122	147
123	45
123	52
123	75
123	81
123	84
123	93
123	96
123	99
123	102
123	103
123	115
123	137
123	149
124	5
124	41
124	49
124	56
124	59
124	60
124	69
124	72
124	94
124	108
124	141
124	144
124	146
125	71
125	87
125	114
125	120
125	126
125	127
125	129
125	131
125	132
125	138
126	33
126	34
126	68
126	71
126	87
126	114
126	125
126	127
126	129
126	131
126	132
126	138
127	33
127	34
127	47
127	71
127	87
127	114
127	122
127	125
127	126
127	129
127	130
127	131
127	132
127	133
128	11
128	19
128	65
128	68
128	87
128	88
128	100
128	105
128	121
128	130
128	139
128	143
128	145
128	147
129	33
129	34
129	67
129	71
129	87
129	114
129	125
129	126
129	127
129	130
129	131
129	132
129	133
130	7
130	65
130	74
130	100
130	105
130	116
130	118
130	121
130	127
130	128
130	129
130	131
130	132
130	149
131	33
131	34
131	71
131	87
131	114
131	122
131	125
131	126
131	127
131	129
131	130
131	132
131	133
131	150
132	33
132	34
132	71
132	87
132	102
132	114
132	122
132	125
132	126
132	127
132	129
132	130
132	131
132	133
133	4
133	23
133	30
133	35
133	37
133	38
133	51
133	54
133	91
133	105
133	127
133	129
133	131
133	132
133	138
134	15
134	17
134	32
134	39
134	40
134	55
134	63
134	66
134	142
134	143
134	144
134	145
134	146
134	149
135	3
135	15
135	16
135	40
135	55
135	57
135	80
135	90
135	112
135	117
135	120
135	140
135	145
135	147
135	149
136	3
136	6
136	16
136	18
136	56
136	57
136	117
136	141
136	142
136	144
136	145
136	146
136	147
136	149
136	150
137	1
137	4
137	23
137	32
137	39
137	46
137	63
137	66
137	70
137	84
137	103
137	106
137	107
137	115
137	123
137	144
138	10
138	13
138	30
138	38
138	78
138	82
138	83
138	85
138	89
138	91
138	106
138	111
138	125
138	126
138	133
138	141
139	11
139	12
139	41
139	83
139	85
139	86
139	92
139	98
139	100
139	105
139	108
139	112
139	119
139	121
139	128
139	140
139	144
140	2
140	29
140	44
140	62
140	92
140	94
140	95
140	97
140	98
140	104
140	112
140	117
140	120
140	135
140	139
140	147
140	150
141	10
141	26
141	28
141	48
141	67
141	77
141	78
141	83
141	99
141	101
141	124
141	136
141	138
141	142
141	146
141	148
141	150
142	6
142	18
142	29
142	56
142	69
142	94
142	95
142	97
142	104
142	134
142	136
142	141
142	143
142	144
142	146
142	149
142	150
143	11
143	18
143	32
143	39
143	63
143	65
143	66
143	100
143	101
143	121
143	128
143	134
143	142
143	144
143	145
143	146
143	149
144	31
144	51
144	56
144	59
144	63
144	66
144	86
144	98
144	108
144	110
144	124
144	134
144	136
144	137
144	139
144	142
144	143
144	146
144	150
145	15
145	18
145	37
145	40
145	55
145	64
145	68
145	91
145	100
145	105
145	113
145	128
145	134
145	135
145	136
145	143
145	146
145	149
146	6
146	18
146	56
146	65
146	80
146	94
146	95
146	97
146	104
146	118
146	124
146	134
146	136
146	141
146	142
146	143
146	144
146	145
146	150
147	3
147	16
147	17
147	23
147	46
147	57
147	70
147	80
147	90
147	107
147	111
147	113
147	117
147	120
147	122
147	128
147	135
147	136
147	140
147	148
148	10
148	13
148	20
148	26
148	43
148	62
148	74
148	78
148	83
148	88
148	90
148	100
148	113
148	116
148	117
148	118
148	120
148	141
148	147
148	149
149	18
149	30
149	38
149	74
149	91
149	96
149	111
149	113
149	116
149	118
149	123
149	130
149	134
149	135
149	136
149	142
149	143
149	145
149	148
149	150
150	6
150	26
150	43
150	56
150	57
150	74
150	94
150	95
150	97
150	104
150	116
150	118
150	131
150	136
150	140
150	141
150	142
150	144
150	146
150	149
