1	21
1	53
1	65
1	71
1	141
1	150
2	42
2	74
2	87
2	92
2	107
2	118
3	27
3	31
3	35
3	47
3	117
4	13
4	16
4	64
4	66
4	98
4	133
5	18
5	24
5	55
5	89
5	111
5	128
6	19
6	45
6	50
6	60
6	70
6	144
7	46
7	51
7	76
7	101
7	134
7	147
8	56
8	81
8	82
8	103
8	116
8	117
9	27
9	36
9	47
9	106
9	144
9	149
10	11
10	12
10	30
10	49
10	135
10	142
11	10
11	12
11	49
11	85
11	126
11	142
12	10
12	11
12	30
12	49
12	126
12	142
13	4
13	64
13	66
13	98
13	144
13	148
14	31
14	68
14	75
14	93
14	106
14	142
15	55
15	86
15	111
15	122
15	128
15	136
16	4
16	64
16	66
16	98
16	133
16	148
17	36
17	48
17	115
17	138
17	139
17	144
18	5
18	23
18	32
18	34
18	146
18	149
19	6
19	45
19	50
19	60
19	63
19	70
20	28
20	43
20	82
20	110
20	130
20	132
21	1
21	22
21	53
21	65
21	71
21	150
22	21
22	53
22	64
22	65
22	71
22	150
23	18
23	32
23	33
23	34
23	112
23	146
23	149
24	5
24	55
24	58
24	89
24	111
24	128
24	134
25	37
25	62
25	69
25	100
25	105
25	140
25	147
26	42
26	61
26	74
26	92
26	95
26	107
26	110
27	3
27	9
27	31
27	35
27	47
27	59
27	131
28	20
28	43
28	82
28	126
28	130
28	132
28	149
29	83
29	90
29	109
29	112
29	114
29	119
29	148
30	10
30	12
30	33
30	49
30	126
30	135
30	142
31	3
31	14
31	27
31	35
31	47
31	131
32	18
32	23
32	33
32	34
32	139
32	146
32	149
33	23
33	30
33	32
33	34
33	146
33	149
34	18
34	23
34	32
34	33
34	97
34	146
34	149
35	3
35	27
35	31
35	47
35	131
36	9
36	17
36	48
36	72
36	115
36	138
36	144
37	25
37	62
37	105
37	111
37	116
37	117
37	128
38	63
38	80
38	86
38	88
38	102
38	132
38	143
39	43
39	82
39	124
39	126
39	130
39	132
39	149
40	61
40	74
40	87
40	92
40	95
40	107
40	127
41	58
41	63
41	80
41	88
41	102
41	143
41	145
42	2
42	26
42	74
42	87
42	92
42	95
42	107
43	20
43	28
43	39
43	82
43	110
43	126
43	149
44	83
44	96
44	104
44	120
44	121
44	126
44	140
45	6
45	19
45	50
45	60
45	70
45	125
45	132
46	7
46	57
46	76
46	101
46	126
46	134
46	145
47	3
47	9
47	27
47	31
47	35
47	59
47	131
48	17
48	36
48	96
48	115
48	138
48	144
49	10
49	11
49	12
49	30
49	107
49	126
49	135
49	142
50	6
50	19
50	45
50	60
50	70
50	77
50	125
50	144
51	7
51	57
51	76
51	101
51	116
51	126
51	134
51	145
52	78
52	83
52	96
52	104
52	108
52	120
52	121
52	147
53	1
53	21
53	22
53	65
53	71
53	125
53	141
53	150
54	72
54	84
54	85
54	91
54	121
54	122
54	130
54	149
55	5
55	15
55	24
55	89
55	111
55	113
55	128
55	136
56	8
56	79
56	81
56	103
56	116
56	117
56	133
56	150
57	46
57	51
57	76
57	101
57	126
57	133
57	145
57	147
58	24
58	41
58	110
58	111
58	116
58	117
58	128
58	150
59	27
59	47
59	93
59	109
59	114
59	119
59	129
59	139
60	6
60	19
60	45
60	50
60	70
60	125
60	136
60	144
61	26
61	40
61	74
61	87
61	92
61	95
61	107
61	142
62	25
62	37
62	69
62	100
62	105
62	131
62	135
62	147
63	19
63	38
63	41
63	80
63	86
63	88
63	102
63	125
64	4
64	13
64	16
64	22
64	66
64	110
64	133
64	148
65	1
65	21
65	22
65	53
65	71
65	107
65	141
65	150
66	4
66	13
66	16
66	64
66	110
66	133
66	140
66	148
67	77
67	99
67	113
67	124
67	128
67	143
67	145
67	146
68	14
68	75
68	93
68	106
68	122
68	137
68	142
68	150
69	25
69	62
69	105
69	123
69	128
69	131
69	135
69	148
70	6
70	19
70	45
70	50
70	60
70	98
70	125
70	144
71	1
71	21
71	22
71	53
71	65
71	103
71	141
71	150
72	36
72	54
72	84
72	85
72	91
72	130
72	136
72	143
72	149
73	95
73	97
73	118
73	127
73	129
73	137
73	139
74	2
74	26
74	40
74	42
74	61
74	84
74	87
74	95
74	107
75	14
75	68
75	93
75	98
75	106
75	110
75	122
75	146
75	150
76	7
76	46
76	51
76	57
76	101
76	133
76	134
76	145
76	147
77	50
77	67
77	94
77	99
77	113
77	115
77	124
77	145
77	146
78	52
78	96
78	104
78	108
78	120
78	121
78	135
78	147
78	150
79	56
79	81
79	103
79	116
79	117
79	133
79	141
79	146
79	147
80	38
80	41
80	63
80	86
80	88
80	102
80	132
80	143
80	145
81	8
81	56
81	79
81	103
81	116
81	117
81	124
81	141
81	146
82	8
82	20
82	28
82	39
82	43
82	110
82	130
82	132
82	149
83	29
83	44
83	52
83	96
83	104
83	108
83	120
83	121
83	138
84	54
84	72
84	74
84	85
84	91
84	122
84	131
84	136
84	149
85	11
85	54
85	72
85	84
85	91
85	130
85	131
85	136
85	149
86	15
86	38
86	63
86	80
86	88
86	102
86	125
86	143
86	145
87	2
87	40
87	42
87	61
87	74
87	89
87	92
87	95
87	107
88	38
88	41
88	63
88	80
88	86
88	102
88	125
88	134
88	143
89	5
89	24
89	55
89	87
89	111
89	122
89	123
89	128
89	136
90	29
90	109
90	112
90	114
90	119
90	134
90	136
90	148
91	54
91	72
91	84
91	85
91	122
91	131
91	134
91	136
91	143
92	2
92	26
92	40
92	42
92	61
92	87
92	95
92	100
92	107
93	14
93	59
93	68
93	75
93	98
93	106
93	122
93	142
93	150
94	77
94	99
94	113
94	124
94	131
94	140
94	141
94	143
94	145
95	26
95	40
95	42
95	61
95	73
95	74
95	87
95	92
95	107
96	44
96	48
96	52
96	78
96	83
96	104
96	108
96	120
96	121
96	147
97	34
97	73
97	118
97	127
97	129
97	137
97	139
97	144
98	4
98	13
98	16
98	70
98	75
98	93
98	106
98	129
98	137
98	139
99	67
99	77
99	94
99	113
99	124
99	125
99	133
99	143
99	145
99	146
100	25
100	62
100	92
100	105
100	123
100	131
100	135
100	140
100	147
100	148
101	7
101	46
101	51
101	57
101	76
101	120
101	126
101	133
101	145
101	147
102	38
102	41
102	63
102	80
102	86
102	88
102	130
102	132
102	143
102	145
103	8
103	56
103	71
103	79
103	81
103	116
103	117
103	133
103	141
103	146
104	44
104	52
104	78
104	83
104	96
104	105
104	108
104	120
104	121
104	138
104	140
105	25
105	37
105	62
105	69
105	100
105	104
105	123
105	131
105	135
105	147
105	148
106	9
106	14
106	68
106	75
106	93
106	98
106	110
106	122
106	123
106	142
106	150
107	2
107	26
107	40
107	42
107	49
107	61
107	65
107	74
107	87
107	92
107	95
108	52
108	78
108	83
108	96
108	104
108	110
108	119
108	120
108	121
108	138
108	150
109	29
109	59
109	90
109	112
109	114
109	119
109	130
109	132
109	134
109	136
109	148
110	20
110	26
110	43
110	58
110	64
110	66
110	75
110	82
110	106
110	108
110	148
111	5
111	15
111	24
111	37
111	55
111	58
111	89
111	122
111	123
111	128
111	134
111	136
112	23
112	29
112	90
112	109
112	114
112	119
112	130
112	132
112	134
112	136
112	148
113	55
113	67
113	77
113	94
113	99
113	115
113	124
113	125
113	140
113	141
113	143
113	146
114	29
114	59
114	90
114	109
114	112
114	119
114	130
114	132
114	134
114	136
114	140
114	148
115	17
115	36
115	48
115	77
115	113
115	118
115	124
115	129
115	130
115	137
115	139
115	144
116	8
116	37
116	51
116	56
116	58
116	79
116	81
116	103
116	117
116	133
116	141
116	146
117	3
117	8
117	37
117	56
117	58
117	79
117	81
117	103
117	116
117	119
117	133
117	141
117	146
118	2
118	73
118	97
118	115
118	123
118	127
118	129
118	135
118	137
118	138
118	139
118	142
118	144
119	29
119	59
119	90
119	108
119	109
119	112
119	114
119	117
119	130
119	132
119	134
119	136
119	148
120	44
120	52
120	78
120	83
120	96
120	101
120	104
120	108
120	121
120	138
120	140
120	147
120	150
121	44
121	52
121	54
121	78
121	83
121	96
121	104
121	108
121	120
121	138
121	140
121	147
121	150
122	15
122	54
122	68
122	75
122	84
122	89
122	91
122	93
122	106
122	111
122	128
122	141
122	149
123	69
123	89
123	100
123	105
123	106
123	111
123	118
123	128
123	129
123	131
123	134
123	137
123	139
123	148
124	39
124	67
124	77
124	81
124	94
124	99
124	113
124	115
124	125
124	140
124	141
124	143
124	145
124	146
125	45
125	50
125	53
125	60
125	63
125	70
125	86
125	88
125	99
125	113
125	124
125	140
125	144
125	145
126	11
126	12
126	28
126	30
126	39
126	43
126	44
126	46
126	49
126	51
126	57
126	101
126	135
126	149
127	40
127	73
127	97
127	118
127	129
127	137
127	138
127	139
127	142
127	144
127	147
128	5
128	15
128	24
128	37
128	55
128	58
128	67
128	69
128	89
128	111
128	122
128	123
128	134
128	136
129	59
129	73
129	97
129	98
129	115
129	118
129	123
129	127
129	135
129	137
129	138
129	139
129	142
129	143
129	144
130	20
130	28
130	39
130	54
130	72
130	82
130	85
130	102
130	109
130	112
130	114
130	115
130	119
130	132
130	143
131	27
131	31
131	35
131	47
131	62
131	69
131	84
131	85
131	91
131	94
131	100
131	105
131	123
131	143
131	145
132	20
132	28
132	38
132	39
132	45
132	80
132	82
132	102
132	109
132	112
132	114
132	119
132	130
132	145
132	149
133	4
133	16
133	56
133	57
133	64
133	66
133	76
133	79
133	99
133	101
133	103
133	116
133	117
133	147
133	148
134	7
134	24
134	46
134	51
134	76
134	88
134	90
134	91
134	109
134	111
134	112
134	114
134	119
134	123
134	128
135	10
135	30
135	49
135	62
135	69
135	78
135	100
135	105
135	118
135	126
135	129
135	137
135	139
135	140
135	142
136	15
136	55
136	60
136	72
136	84
136	85
136	89
136	90
136	91
136	109
136	111
136	112
136	114
136	119
136	128
136	138
137	68
137	73
137	97
137	98
137	115
137	118
137	123
137	127
137	129
137	135
137	138
137	139
137	142
137	144
137	145
138	17
138	36
138	48
138	83
138	104
138	108
138	118
138	120
138	121
138	127
138	129
138	136
138	137
138	139
138	144
138	146
139	17
139	32
139	59
139	73
139	97
139	98
139	115
139	118
139	123
139	127
139	129
139	135
139	137
139	138
139	142
139	144
140	25
140	44
140	66
140	94
140	100
140	104
140	113
140	114
140	120
140	121
140	124
140	125
140	135
140	141
140	147
140	148
140	150
141	1
141	53
141	65
141	71
141	79
141	81
141	94
141	103
141	113
141	116
141	117
141	122
141	124
141	140
141	143
141	148
141	150
142	10
142	11
142	12
142	14
142	30
142	49
142	61
142	68
142	93
142	106
142	118
142	127
142	129
142	135
142	137
142	139
142	148
142	150
143	38
143	41
143	67
143	72
143	80
143	86
143	88
143	91
143	94
143	99
143	102
143	113
143	124
143	129
143	130
143	131
143	141
143	149
144	6
144	9
144	13
144	17
144	36
144	48
144	50
144	60
144	70
144	97
144	115
144	118
144	125
144	127
144	129
144	137
144	138
144	139
144	149
145	41
145	46
145	51
145	57
145	67
145	76
145	77
145	80
145	86
145	94
145	99
145	101
145	102
145	124
145	125
145	131
145	132
145	137
145	146
146	18
146	23
146	32
146	33
146	34
146	67
146	75
146	77
146	79
146	81
146	99
146	103
146	113
146	116
146	117
146	124
146	138
146	145
146	149
147	7
147	25
147	52
147	57
147	62
147	76
147	78
147	79
147	96
147	100
147	101
147	105
147	120
147	121
147	127
147	133
147	140
147	148
147	150
148	13
148	16
148	29
148	64
148	66
148	69
148	90
148	100
148	105
148	109
148	110
148	112
148	114
148	119
148	123
148	133
148	140
148	141
148	142
148	147
149	9
149	18
149	23
149	28
149	32
149	33
149	34
149	39
149	43
149	54
149	72
149	82
149	84
149	85
149	122
149	126
149	132
149	143
149	144
149	146
150	1
150	21
150	22
150	53
150	56
150	58
150	65
150	68
150	71
150	75
150	78
150	93
150	106
150	108
150	120
150	121
150	140
150	141
150	142
150	147
