1	7
1	16
1	17
1	18
1	20
1	22
1	23
1	40
1	41
1	99
1	103
1	109
1	117
2	23
2	38
2	44
2	52
2	91
2	102
2	104
2	106
2	108
2	113
2	114
2	118
2	119
3	28
3	31
3	35
3	54
3	68
3	70
3	72
3	74
3	76
3	78
3	81
3	112
3	120
4	10
4	28
4	35
4	43
4	48
4	54
4	70
4	72
4	74
4	76
4	78
4	81
4	120
5	46
5	54
5	62
5	68
5	70
5	72
5	74
5	76
5	78
5	81
5	97
5	112
5	120
6	49
6	63
6	67
6	82
6	86
6	93
6	94
6	96
6	100
6	103
6	110
6	112
6	116
7	1
7	13
7	16
7	17
7	18
7	20
7	22
7	40
7	41
7	103
7	109
7	117
7	120
8	19
8	24
8	27
8	51
8	57
8	62
8	80
8	84
8	87
8	90
8	98
8	105
8	117
9	46
9	91
9	92
9	97
9	99
9	106
9	107
9	108
9	113
9	114
9	115
9	118
9	119
10	4
10	43
10	46
10	54
10	62
10	68
10	70
10	72
10	74
10	76
10	78
10	81
10	104
11	51
11	53
11	60
11	61
11	64
11	71
11	80
11	83
11	84
11	87
11	89
11	90
11	105
12	47
12	59
12	73
12	92
12	95
12	97
12	102
12	104
12	106
12	111
12	115
12	118
12	119
13	7
13	16
13	17
13	20
13	22
13	23
13	40
13	41
13	77
13	103
13	109
13	117
14	63
14	65
14	79
14	85
14	86
14	88
14	93
14	94
14	96
14	100
14	101
14	110
14	112
15	45
15	49
15	65
15	77
15	79
15	82
15	86
15	88
15	93
15	94
15	96
15	100
15	109
15	110
16	1
16	7
16	13
16	17
16	18
16	20
16	22
16	23
16	40
16	41
16	59
16	103
16	109
16	117
17	1
17	7
17	13
17	16
17	18
17	20
17	22
17	23
17	40
17	41
17	67
17	103
17	109
17	117
18	1
18	7
18	16
18	17
18	20
18	22
18	23
18	36
18	40
18	41
18	81
18	103
18	109
18	117
19	8
19	27
19	34
19	56
19	75
19	80
19	83
19	84
19	87
19	89
19	90
19	98
19	105
19	117
20	1
20	7
20	13
20	16
20	17
20	18
20	22
20	23
20	36
20	40
20	41
20	103
20	109
20	117
21	38
21	79
21	86
21	88
21	91
21	94
21	97
21	100
21	108
21	110
21	113
21	115
21	117
21	118
22	1
22	7
22	13
22	16
22	17
22	18
22	20
22	23
22	40
22	41
22	103
22	109
22	115
22	117
23	1
23	2
23	13
23	16
23	17
23	18
23	20
23	22
23	36
23	40
23	41
23	103
23	109
23	117
24	8
24	36
24	61
24	66
24	71
24	75
24	80
24	83
24	84
24	89
24	90
24	98
24	105
24	111
25	55
25	73
25	79
25	91
25	92
25	95
25	101
25	102
25	106
25	107
25	108
25	113
25	118
25	119
26	29
26	37
26	66
26	67
26	69
26	77
26	86
26	89
26	90
26	93
26	98
26	100
26	105
26	110
27	8
27	19
27	30
27	37
27	53
27	56
27	71
27	75
27	80
27	83
27	87
27	98
27	105
27	111
28	3
28	4
28	33
28	43
28	48
28	54
28	62
28	70
28	72
28	74
28	76
28	78
28	81
28	120
29	26
29	59
29	91
29	92
29	97
29	99
29	104
29	107
29	108
29	113
29	114
29	115
29	118
29	119
30	27
30	51
30	53
30	56
30	60
30	64
30	75
30	83
30	84
30	87
30	90
30	98
30	105
30	114
30	120
31	3
31	43
31	46
31	48
31	54
31	62
31	68
31	70
31	72
31	74
31	76
31	78
31	81
31	112
31	120
32	39
32	42
32	45
32	67
32	77
32	79
32	85
32	86
32	88
32	93
32	94
32	96
32	100
32	110
32	116
33	28
33	35
33	46
33	48
33	54
33	58
33	62
33	68
33	70
33	72
33	74
33	76
33	78
33	81
33	120
34	19
34	50
34	52
34	55
34	92
34	99
34	102
34	104
34	106
34	108
34	113
34	114
34	115
34	118
34	119
35	3
35	4
35	33
35	48
35	62
35	68
35	70
35	72
35	74
35	76
35	78
35	81
35	112
35	119
35	120
36	18
36	20
36	23
36	24
36	40
36	41
36	58
36	92
36	101
36	102
36	107
36	109
36	117
36	118
36	119
37	26
37	27
37	51
37	60
37	64
37	75
37	80
37	83
37	87
37	89
37	90
37	98
37	105
37	118
37	120
38	2
38	21
38	63
38	92
38	95
38	99
38	101
38	102
38	106
38	107
38	111
38	114
38	115
38	118
38	119
39	32
39	42
39	63
39	65
39	67
39	69
39	79
39	85
39	93
39	94
39	96
39	100
39	110
39	115
39	116
40	1
40	7
40	13
40	16
40	17
40	18
40	20
40	22
40	23
40	36
40	41
40	103
40	107
40	109
40	117
41	1
41	7
41	13
41	16
41	17
41	18
41	20
41	22
41	23
41	36
41	40
41	103
41	109
41	114
41	117
42	32
42	39
42	65
42	67
42	69
42	77
42	79
42	82
42	85
42	86
42	88
42	93
42	96
42	103
42	110
42	112
43	4
43	10
43	28
43	31
43	46
43	62
43	68
43	70
43	72
43	74
43	76
43	78
43	81
43	105
43	112
43	120
44	2
44	59
44	73
44	91
44	95
44	99
44	101
44	102
44	104
44	106
44	107
44	114
44	115
44	117
44	118
44	119
45	15
45	32
45	49
45	65
45	77
45	82
45	85
45	86
45	88
45	90
45	93
45	94
45	96
45	100
45	109
45	110
46	5
46	9
46	10
46	31
46	33
46	43
46	48
46	54
46	68
46	72
46	74
46	76
46	78
46	81
46	112
46	120
47	12
47	55
47	58
47	95
47	97
47	99
47	101
47	104
47	106
47	107
47	108
47	113
47	114
47	115
47	118
47	119
48	4
48	28
48	31
48	33
48	35
48	46
48	54
48	57
48	62
48	68
48	70
48	74
48	76
48	78
48	81
48	120
49	6
49	15
49	45
49	64
49	65
49	67
49	77
49	79
49	82
49	85
49	86
49	88
49	94
49	96
49	109
49	110
50	34
50	52
50	54
50	58
50	95
50	99
50	101
50	102
50	104
50	107
50	108
50	113
50	114
50	115
50	116
50	118
50	119
51	8
51	11
51	30
51	37
51	57
51	60
51	64
51	66
51	75
51	80
51	83
51	84
51	87
51	89
51	98
51	105
51	111
52	2
52	34
52	50
52	91
52	95
52	97
52	102
52	104
52	106
52	107
52	108
52	113
52	114
52	115
52	116
52	118
52	119
53	11
53	27
53	30
53	56
53	57
53	60
53	61
53	64
53	66
53	80
53	83
53	84
53	87
53	89
53	90
53	98
53	105
54	3
54	4
54	5
54	10
54	28
54	31
54	33
54	46
54	48
54	50
54	62
54	68
54	70
54	72
54	76
54	78
54	81
54	112
55	25
55	34
55	47
55	75
55	91
55	97
55	99
55	101
55	102
55	104
55	106
55	107
55	111
55	113
55	114
55	115
55	118
55	119
56	19
56	27
56	30
56	53
56	57
56	60
56	61
56	71
56	75
56	80
56	83
56	84
56	87
56	89
56	90
56	98
56	105
56	111
57	8
57	48
57	51
57	53
57	56
57	60
57	64
57	66
57	71
57	75
57	80
57	83
57	84
57	87
57	89
57	90
57	98
57	105
57	111
58	33
58	36
58	47
58	50
58	73
58	91
58	92
58	95
58	97
58	99
58	101
58	104
58	107
58	108
58	113
58	114
58	115
58	118
58	119
59	12
59	16
59	29
59	44
59	74
59	91
59	92
59	101
59	102
59	104
59	106
59	107
59	108
59	113
59	114
59	115
59	116
59	118
59	119
60	11
60	30
60	37
60	51
60	53
60	56
60	57
60	61
60	66
60	71
60	75
60	80
60	83
60	87
60	89
60	90
60	98
60	105
60	106
61	11
61	24
61	53
61	56
61	60
61	64
61	71
61	80
61	83
61	84
61	87
61	89
61	90
61	98
61	99
61	105
61	111
61	117
61	120
62	5
62	8
62	10
62	28
62	31
62	33
62	35
62	43
62	48
62	54
62	68
62	70
62	72
62	74
62	76
62	78
62	81
62	112
62	120
63	6
63	14
63	38
63	39
63	65
63	67
63	69
63	82
63	85
63	86
63	88
63	93
63	94
63	96
63	100
63	109
63	110
63	112
63	116
64	11
64	30
64	37
64	49
64	51
64	53
64	57
64	61
64	66
64	71
64	75
64	83
64	84
64	87
64	89
64	90
64	98
64	105
64	117
64	120
65	14
65	15
65	39
65	42
65	45
65	49
65	63
65	69
65	77
65	79
65	82
65	85
65	86
65	89
65	93
65	94
65	96
65	100
65	103
65	110
66	24
66	26
66	51
66	53
66	57
66	60
66	64
66	71
66	75
66	83
66	84
66	87
66	89
66	90
66	98
66	105
66	109
66	111
66	117
66	120
67	6
67	17
67	26
67	32
67	39
67	42
67	49
67	63
67	69
67	82
67	85
67	86
67	88
67	93
67	94
67	96
67	100
67	103
67	110
67	116
68	3
68	5
68	10
68	31
68	33
68	35
68	43
68	46
68	48
68	54
68	62
68	70
68	72
68	74
68	76
68	78
68	81
68	111
68	112
68	120
69	26
69	39
69	42
69	63
69	65
69	67
69	77
69	82
69	85
69	86
69	88
69	93
69	94
69	96
69	100
69	103
69	107
69	109
69	110
69	112
70	3
70	4
70	5
70	10
70	28
70	31
70	33
70	35
70	43
70	48
70	54
70	62
70	68
70	72
70	73
70	74
70	76
70	78
70	81
70	112
71	11
71	24
71	27
71	56
71	57
71	60
71	61
71	64
71	66
71	75
71	80
71	83
71	84
71	87
71	89
71	90
71	94
71	98
71	105
71	117
71	120
72	3
72	4
72	5
72	10
72	28
72	31
72	33
72	35
72	43
72	46
72	54
72	62
72	68
72	70
72	74
72	76
72	78
72	81
72	104
72	112
72	120
73	12
73	25
73	44
73	58
73	70
73	91
73	92
73	95
73	97
73	99
73	101
73	102
73	104
73	106
73	107
73	108
73	113
73	114
73	116
73	118
73	119
74	3
74	4
74	5
74	10
74	28
74	31
74	33
74	35
74	43
74	46
74	48
74	59
74	62
74	68
74	70
74	72
74	76
74	78
74	81
74	112
74	120
75	19
75	24
75	27
75	30
75	37
75	51
75	55
75	56
75	57
75	60
75	64
75	66
75	71
75	83
75	84
75	87
75	89
75	90
75	98
75	105
75	117
75	120
76	3
76	4
76	5
76	10
76	28
76	31
76	33
76	35
76	43
76	46
76	48
76	54
76	62
76	68
76	70
76	72
76	74
76	78
76	81
76	112
76	117
76	120
77	13
77	15
77	26
77	32
77	42
77	45
77	49
77	65
77	69
77	79
77	82
77	85
77	86
77	88
77	93
77	94
77	96
77	100
77	109
77	110
77	112
77	116
78	3
78	4
78	5
78	10
78	28
78	31
78	33
78	35
78	43
78	46
78	48
78	54
78	62
78	68
78	70
78	72
78	74
78	76
78	81
78	95
78	112
78	120
79	14
79	15
79	21
79	25
79	32
79	39
79	42
79	49
79	65
79	77
79	82
79	85
79	86
79	88
79	93
79	94
79	96
79	100
79	109
79	110
79	112
79	116
80	8
80	11
80	19
80	24
80	27
80	37
80	51
80	53
80	56
80	57
80	60
80	61
80	71
80	84
80	89
80	90
80	98
80	105
80	111
80	116
80	117
80	120
81	3
81	4
81	5
81	10
81	18
81	28
81	31
81	33
81	35
81	43
81	46
81	48
81	54
81	62
81	68
81	70
81	72
81	74
81	76
81	78
81	112
81	120
82	6
82	15
82	42
82	45
82	49
82	63
82	65
82	67
82	69
82	77
82	79
82	85
82	88
82	93
82	94
82	96
82	100
82	103
82	106
82	109
82	110
82	112
82	116
83	11
83	19
83	24
83	27
83	30
83	37
83	51
83	53
83	56
83	57
83	60
83	61
83	64
83	66
83	71
83	75
83	87
83	89
83	98
83	105
83	110
83	117
83	120
84	8
84	11
84	19
84	24
84	30
84	51
84	53
84	56
84	57
84	61
84	64
84	66
84	71
84	75
84	80
84	87
84	89
84	90
84	98
84	105
84	111
84	113
84	117
84	120
85	14
85	32
85	39
85	42
85	45
85	49
85	63
85	65
85	67
85	69
85	77
85	79
85	82
85	86
85	88
85	93
85	94
85	96
85	100
85	103
85	109
85	110
85	112
85	116
86	6
86	14
86	15
86	21
86	26
86	32
86	42
86	45
86	49
86	63
86	65
86	67
86	69
86	77
86	79
86	85
86	88
86	93
86	94
86	96
86	100
86	110
86	112
86	120
87	8
87	11
87	19
87	27
87	30
87	37
87	51
87	53
87	56
87	57
87	60
87	61
87	64
87	66
87	71
87	75
87	83
87	84
87	89
87	90
87	93
87	98
87	105
87	117
87	120
88	14
88	15
88	21
88	32
88	42
88	45
88	49
88	63
88	67
88	69
88	77
88	79
88	82
88	85
88	86
88	91
88	93
88	94
88	96
88	100
88	103
88	109
88	110
88	112
88	116
89	11
89	19
89	24
89	26
89	37
89	51
89	53
89	56
89	57
89	60
89	61
89	64
89	65
89	66
89	71
89	75
89	80
89	83
89	84
89	87
89	90
89	98
89	111
89	117
89	120
90	8
90	11
90	19
90	24
90	26
90	30
90	37
90	45
90	53
90	56
90	57
90	60
90	61
90	64
90	66
90	71
90	75
90	80
90	84
90	87
90	89
90	98
90	105
90	111
90	117
90	120
91	2
91	9
91	21
91	25
91	29
91	44
91	52
91	55
91	58
91	59
91	73
91	88
91	95
91	97
91	101
91	102
91	104
91	106
91	107
91	108
91	111
91	113
91	114
91	115
91	118
91	119
92	9
92	12
92	25
92	29
92	34
92	36
92	38
92	58
92	59
92	73
92	95
92	97
92	99
92	101
92	102
92	104
92	106
92	107
92	108
92	110
92	111
92	113
92	114
92	115
92	118
92	119
93	6
93	14
93	15
93	26
93	32
93	39
93	42
93	45
93	63
93	65
93	67
93	69
93	77
93	79
93	82
93	85
93	86
93	87
93	88
93	94
93	96
93	100
93	103
93	110
93	116
93	119
94	6
94	14
94	15
94	21
94	32
94	39
94	45
94	49
94	63
94	65
94	67
94	69
94	71
94	77
94	79
94	82
94	85
94	86
94	88
94	93
94	96
94	100
94	103
94	109
94	110
94	112
95	12
95	25
95	38
95	44
95	47
95	50
95	52
95	58
95	73
95	78
95	91
95	92
95	97
95	99
95	101
95	102
95	104
95	106
95	108
95	111
95	113
95	114
95	115
95	116
95	118
95	119
96	6
96	14
96	15
96	32
96	39
96	42
96	45
96	49
96	63
96	65
96	67
96	69
96	77
96	79
96	82
96	85
96	86
96	88
96	93
96	94
96	98
96	100
96	103
96	110
96	112
96	116
97	5
97	9
97	12
97	21
97	29
97	47
97	52
97	55
97	58
97	73
97	91
97	92
97	95
97	99
97	101
97	102
97	104
97	106
97	107
97	108
97	111
97	113
97	114
97	115
97	116
97	118
97	119
98	8
98	19
98	24
98	26
98	27
98	30
98	37
98	51
98	53
98	56
98	57
98	60
98	61
98	64
98	66
98	71
98	75
98	80
98	83
98	84
98	87
98	89
98	90
98	96
98	105
98	111
98	117
99	1
99	9
99	29
99	34
99	38
99	44
99	47
99	50
99	55
99	58
99	61
99	73
99	92
99	95
99	97
99	101
99	102
99	104
99	106
99	107
99	108
99	111
99	113
99	114
99	115
99	118
99	119
100	6
100	14
100	15
100	21
100	26
100	32
100	39
100	45
100	63
100	65
100	67
100	69
100	77
100	79
100	82
100	85
100	86
100	88
100	93
100	94
100	96
100	103
100	109
100	110
100	112
100	113
100	116
101	14
101	25
101	36
101	38
101	44
101	47
101	50
101	55
101	58
101	59
101	73
101	91
101	92
101	95
101	97
101	99
101	102
101	104
101	106
101	107
101	108
101	111
101	113
101	114
101	115
101	116
101	118
101	119
102	2
102	12
102	25
102	34
102	36
102	38
102	44
102	50
102	52
102	55
102	59
102	73
102	91
102	92
102	95
102	97
102	99
102	101
102	104
102	106
102	107
102	108
102	112
102	113
102	114
102	115
102	118
102	119
103	1
103	6
103	7
103	13
103	16
103	17
103	18
103	20
103	22
103	23
103	40
103	41
103	42
103	65
103	67
103	69
103	82
103	85
103	88
103	93
103	94
103	96
103	100
103	108
103	109
103	110
103	117
104	2
104	10
104	12
104	29
104	34
104	44
104	47
104	50
104	52
104	55
104	58
104	59
104	72
104	73
104	91
104	92
104	95
104	97
104	99
104	101
104	102
104	106
104	107
104	108
104	113
104	114
104	115
104	118
104	119
105	8
105	11
105	19
105	24
105	26
105	27
105	30
105	37
105	43
105	51
105	53
105	56
105	57
105	60
105	61
105	64
105	66
105	71
105	75
105	80
105	83
105	84
105	87
105	90
105	98
105	111
105	116
105	117
105	120
106	2
106	9
106	12
106	25
106	34
106	38
106	44
106	47
106	52
106	55
106	59
106	60
106	73
106	82
106	91
106	92
106	95
106	97
106	99
106	101
106	102
106	104
106	107
106	108
106	113
106	114
106	115
106	116
106	118
106	119
107	9
107	25
107	29
107	36
107	38
107	40
107	44
107	47
107	50
107	52
107	55
107	58
107	59
107	69
107	73
107	91
107	92
107	97
107	99
107	101
107	102
107	104
107	106
107	108
107	111
107	114
107	115
107	116
107	118
107	119
108	2
108	9
108	21
108	25
108	29
108	34
108	47
108	50
108	52
108	58
108	59
108	73
108	91
108	92
108	95
108	97
108	99
108	101
108	102
108	103
108	104
108	106
108	107
108	111
108	113
108	114
108	115
108	116
108	118
108	119
109	1
109	7
109	13
109	15
109	16
109	17
109	18
109	20
109	22
109	23
109	36
109	40
109	41
109	45
109	49
109	63
109	66
109	69
109	77
109	79
109	82
109	85
109	88
109	94
109	100
109	103
109	110
109	116
109	117
110	6
110	14
110	15
110	21
110	26
110	32
110	39
110	42
110	45
110	49
110	63
110	65
110	67
110	69
110	77
110	79
110	82
110	83
110	85
110	86
110	88
110	92
110	93
110	94
110	96
110	100
110	103
110	109
110	112
110	116
111	12
111	24
111	27
111	38
111	51
111	55
111	56
111	57
111	61
111	66
111	68
111	80
111	84
111	89
111	90
111	91
111	92
111	95
111	97
111	98
111	99
111	101
111	105
111	107
111	108
111	113
111	115
111	118
111	119
111	120
112	3
112	5
112	6
112	14
112	31
112	35
112	42
112	43
112	46
112	54
112	62
112	63
112	68
112	69
112	70
112	72
112	74
112	76
112	77
112	78
112	79
112	81
112	82
112	85
112	86
112	88
112	94
112	96
112	100
112	102
112	110
113	2
113	9
113	21
113	25
113	29
113	34
113	47
113	50
113	52
113	55
113	58
113	59
113	73
113	84
113	91
113	92
113	95
113	97
113	99
113	100
113	101
113	102
113	104
113	106
113	108
113	111
113	114
113	115
113	116
113	118
113	119
114	2
114	9
114	29
114	30
114	34
114	38
114	41
114	44
114	47
114	50
114	52
114	55
114	58
114	59
114	73
114	91
114	92
114	95
114	97
114	99
114	101
114	102
114	104
114	106
114	107
114	108
114	113
114	115
114	116
114	118
114	119
115	9
115	12
115	21
115	22
115	29
115	34
115	38
115	39
115	44
115	47
115	50
115	52
115	55
115	58
115	59
115	91
115	92
115	95
115	97
115	99
115	101
115	102
115	104
115	106
115	107
115	108
115	111
115	113
115	114
115	116
115	118
115	119
116	6
116	32
116	39
116	50
116	52
116	59
116	63
116	67
116	73
116	77
116	79
116	80
116	82
116	85
116	88
116	93
116	95
116	96
116	97
116	100
116	101
116	105
116	106
116	107
116	108
116	109
116	110
116	113
116	114
116	115
116	118
116	119
117	1
117	7
117	8
117	13
117	16
117	17
117	18
117	19
117	20
117	21
117	22
117	23
117	36
117	40
117	41
117	44
117	61
117	64
117	66
117	71
117	75
117	76
117	80
117	83
117	84
117	87
117	89
117	90
117	98
117	103
117	105
117	109
117	120
118	2
118	9
118	12
118	21
118	25
118	29
118	34
118	36
118	37
118	38
118	44
118	47
118	50
118	52
118	55
118	58
118	59
118	73
118	91
118	92
118	95
118	97
118	99
118	101
118	102
118	104
118	106
118	107
118	108
118	111
118	113
118	114
118	115
118	116
118	119
119	2
119	9
119	12
119	25
119	29
119	34
119	35
119	36
119	38
119	44
119	47
119	50
119	52
119	55
119	58
119	59
119	73
119	91
119	92
119	93
119	95
119	97
119	99
119	101
119	102
119	104
119	106
119	107
119	108
119	111
119	113
119	114
119	115
119	116
119	118
120	3
120	4
120	5
120	7
120	28
120	30
120	31
120	33
120	35
120	37
120	43
120	46
120	48
120	61
120	62
120	64
120	66
120	68
120	71
120	72
120	74
120	75
120	76
120	78
120	80
120	81
120	83
120	84
120	86
120	87
120	89
120	90
120	105
120	111
120	117
